3,037449E+2	4,568768E-1
3,037350E+2	4,567668E-1
3,037184E+2	4,567398E-1
3,037119E+2	4,567353E-1
3,037117E+2	4,566505E-1
3,037199E+2	4,567123E-1
3,037210E+2	4,567959E-1
3,037125E+2	4,567743E-1
3,036907E+2	4,568663E-1
3,036864E+2	4,568477E-1
3,036949E+2	4,569724E-1
3,036883E+2	4,542627E-1
3,036812E+2	4,467286E-1
3,036670E+2	4,584292E-1
3,036038E+2	4,599209E-1
3,034228E+2	4,573785E-1
3,030704E+2	4,565129E-1
3,025815E+2	4,564677E-1
3,020311E+2	4,565897E-1
3,014004E+2	4,567281E-1
3,007029E+2	4,568882E-1
3,000177E+2	4,570570E-1
2,992954E+2	4,572774E-1
2,985834E+2	4,575230E-1
2,978682E+2	4,577056E-1
2,971078E+2	4,579090E-1
2,963456E+2	4,581029E-1
2,956260E+2	4,583341E-1
2,949067E+2	4,585949E-1
2,941649E+2	4,587699E-1
2,934576E+2	4,589820E-1
2,927314E+2	4,591939E-1
2,919763E+2	4,594272E-1
2,912255E+2	4,596111E-1
2,905103E+2	4,597833E-1
2,897920E+2	4,599154E-1
2,890281E+2	4,600172E-1
2,882877E+2	4,601368E-1
2,875045E+2	4,601958E-1
2,867603E+2	4,602741E-1
2,859914E+2	4,603649E-1
2,852621E+2	4,604106E-1
2,845180E+2	4,603568E-1
2,837394E+2	4,602515E-1
2,829716E+2	4,601966E-1
2,821853E+2	4,600696E-1
2,814474E+2	4,599595E-1
2,806957E+2	4,598179E-1
2,799197E+2	4,596361E-1
2,791660E+2	4,593390E-1
2,783716E+2	4,591174E-1
2,776150E+2	4,587873E-1
2,768836E+2	4,584626E-1
2,761139E+2	4,581358E-1
2,753939E+2	4,577683E-1
2,746408E+2	4,573869E-1
2,739104E+2	4,569537E-1
2,731991E+2	4,565325E-1
2,724825E+2	4,560993E-1
2,717798E+2	4,557196E-1
2,711204E+2	4,552412E-1
2,704461E+2	4,548821E-1
2,697295E+2	4,545523E-1
2,690198E+2	4,541856E-1
2,683434E+2	4,538987E-1
2,676648E+2	4,535766E-1
2,669441E+2	4,533190E-1
2,662502E+2	4,530778E-1
2,655091E+2	4,528686E-1
2,648000E+2	4,526886E-1
2,641025E+2	4,526511E-1
2,633814E+2	4,525797E-1
2,626778E+2	4,524747E-1
2,619555E+2	4,523811E-1
2,612435E+2	4,521845E-1
2,605385E+2	4,519771E-1
2,598320E+2	4,517914E-1
2,591543E+2	4,514636E-1
2,584516E+2	4,511650E-1
2,577764E+2	4,507637E-1
2,570793E+2	4,503585E-1
2,563799E+2	4,499563E-1
2,557254E+2	4,495278E-1
2,550414E+2	4,490747E-1
2,543980E+2	4,486003E-1
2,537342E+2	4,482126E-1
2,530462E+2	4,478037E-1
2,523822E+2	4,473865E-1
2,517386E+2	4,469513E-1
2,510688E+2	4,465476E-1
2,504301E+2	4,461326E-1
2,497872E+2	4,457146E-1
2,491082E+2	4,453199E-1
2,484554E+2	4,449484E-1
2,478326E+2	4,444909E-1
2,471868E+2	4,441623E-1
2,465570E+2	4,437942E-1
2,459287E+2	4,433289E-1
2,452637E+2	4,429208E-1
2,446220E+2	4,424773E-1
2,439826E+2	4,420376E-1
2,433728E+2	4,416170E-1
2,427598E+2	4,411855E-1
2,421287E+2	4,407172E-1
2,415028E+2	4,403103E-1
2,408843E+2	4,398169E-1
2,402659E+2	4,392983E-1
2,396662E+2	4,388467E-1
2,390817E+2	4,383526E-1
2,384520E+2	4,378674E-1
2,378338E+2	4,374081E-1
2,372271E+2	4,369652E-1
2,366126E+2	4,365078E-1
2,360283E+2	4,359936E-1
2,354549E+2	4,354598E-1
2,348489E+2	4,349662E-1
2,342526E+2	4,344862E-1
2,336340E+2	4,339578E-1
2,330615E+2	4,335109E-1
2,325026E+2	4,329356E-1
2,319115E+2	4,324027E-1
2,313576E+2	4,318746E-1
2,296124E+2	4,301950E-1
2,290694E+2	4,296679E-1
2,284921E+2	4,291559E-1
2,279268E+2	4,285792E-1
2,273795E+2	4,279882E-1
2,267952E+2	4,274191E-1
2,262560E+2	4,268948E-1
2,257166E+2	4,263040E-1
2,251641E+2	4,256341E-1
2,246283E+2	4,250119E-1
2,240605E+2	4,244529E-1
2,235065E+2	4,238252E-1
2,229655E+2	4,231979E-1
2,224185E+2	4,225457E-1
2,219058E+2	4,219160E-1
2,213890E+2	4,212451E-1
2,208384E+2	4,205262E-1
2,202933E+2	4,198222E-1
2,197749E+2	4,191883E-1
2,192484E+2	4,184793E-1
2,187146E+2	4,177751E-1
2,182375E+2	4,170076E-1
2,176855E+2	4,163483E-1
2,171342E+2	4,156848E-1
2,166400E+2	4,149795E-1
2,161035E+2	4,141434E-1
2,156034E+2	4,134405E-1
2,150939E+2	4,127037E-1
2,145977E+2	4,120599E-1
2,140913E+2	4,118743E-1
2,136008E+2	4,131745E-1
2,131458E+2	4,155652E-1
2,126964E+2	4,179524E-1
2,121948E+2	4,198223E-1
2,116958E+2	4,211011E-1
2,111652E+2	4,220872E-1
2,106070E+2	4,227348E-1
2,100467E+2	4,230984E-1
2,094076E+2	4,230716E-1
2,085558E+2	4,227480E-1
2,074731E+2	4,219930E-1
2,061019E+2	4,211082E-1
2,045213E+2	4,197762E-1
2,030745E+2	4,175454E-1
2,017282E+2	4,143760E-1
2,006279E+2	4,103724E-1
1,996521E+2	4,063232E-1
1,987659E+2	4,023976E-1
1,980144E+2	3,984781E-1
1,973536E+2	3,953882E-1
1,967106E+2	3,934963E-1
1,961350E+2	3,921293E-1
1,955601E+2	3,910041E-1
1,939340E+2	3,883574E-1
1,934283E+2	3,875892E-1
1,929334E+2	3,867911E-1
1,924199E+2	3,859110E-1
1,918836E+2	3,851242E-1
1,913776E+2	3,843097E-1
1,908963E+2	3,834706E-1
1,904076E+2	3,827349E-1
1,899345E+2	3,818792E-1
1,894436E+2	3,811311E-1
1,889485E+2	3,802994E-1
1,884774E+2	3,795344E-1
1,880189E+2	3,786635E-1
1,875745E+2	3,777793E-1
1,871274E+2	3,769401E-1
1,866438E+2	3,761000E-1
1,861648E+2	3,752582E-1
1,857098E+2	3,745223E-1
1,852611E+2	3,736600E-1
1,848070E+2	3,728978E-1
1,844138E+2	3,721047E-1
1,839446E+2	3,712301E-1
1,834843E+2	3,703978E-1
1,830493E+2	3,696774E-1
1,826169E+2	3,689156E-1
1,822139E+2	3,681935E-1
1,817899E+2	3,674420E-1
1,813780E+2	3,666262E-1
1,809303E+2	3,659351E-1
1,804874E+2	3,652437E-1
1,800783E+2	3,644472E-1
1,796964E+2	3,636862E-1
1,792729E+2	3,630869E-1
1,788755E+2	3,624785E-1
1,784460E+2	3,616406E-1
1,780197E+2	3,609264E-1
1,776240E+2	3,601154E-1
1,772796E+2	3,593383E-1
1,768752E+2	3,585390E-1
1,764880E+2	3,577438E-1
1,760686E+2	3,569918E-1
1,756455E+2	3,563009E-1
1,752670E+2	3,555893E-1
1,748613E+2	3,548893E-1
1,744958E+2	3,542172E-1
1,741060E+2	3,536133E-1
1,736929E+2	3,530545E-1
1,732919E+2	3,524930E-1
1,729165E+2	3,520102E-1
1,725294E+2	3,514630E-1
1,721752E+2	3,510507E-1
1,718098E+2	3,506429E-1
1,714011E+2	3,501037E-1
1,709981E+2	3,495355E-1
1,706509E+2	3,489953E-1
1,702848E+2	3,484494E-1
1,699882E+2	3,479768E-1
1,696301E+2	3,474720E-1
1,692354E+2	3,469193E-1
1,688526E+2	3,463454E-1
1,684956E+2	3,458387E-1
1,681553E+2	3,453591E-1
1,678172E+2	3,448487E-1
1,674646E+2	3,442767E-1
1,670910E+2	3,438169E-1
1,667197E+2	3,431455E-1
1,663711E+2	3,420164E-1
1,660435E+2	3,414240E-1
1,657383E+2	3,408948E-1
1,653878E+2	3,403348E-1
1,650237E+2	3,398613E-1
1,646571E+2	3,394030E-1
1,642972E+2	3,389141E-1
1,639798E+2	3,385504E-1
1,636662E+2	3,380948E-1
1,633287E+2	3,375722E-1
1,629820E+2	3,370896E-1
1,626352E+2	3,366760E-1
1,623059E+2	3,362147E-1
1,620000E+2	3,364113E-1
1,616597E+2	3,370621E-1
1,613461E+2	3,371123E-1
1,609835E+2	3,369951E-1
1,606240E+2	3,367678E-1
1,603005E+2	3,366239E-1
1,599943E+2	3,363445E-1
1,596694E+2	3,360642E-1
1,593698E+2	3,358224E-1
1,590279E+2	3,357371E-1
1,586748E+2	3,355611E-1
1,583559E+2	3,353373E-1
1,580514E+2	3,350989E-1
1,577494E+2	3,343929E-1
1,574458E+2	3,338306E-1
1,571182E+2	3,342833E-1
1,567714E+2	3,350808E-1
1,564560E+2	3,353108E-1
1,561558E+2	3,352959E-1
1,558764E+2	3,351824E-1
1,555831E+2	3,351240E-1
1,552558E+2	3,350294E-1
1,549245E+2	3,349762E-1
1,546186E+2	3,350181E-1
1,543270E+2	3,349854E-1
1,540514E+2	3,350485E-1
1,537860E+2	3,350383E-1
1,534671E+2	3,350888E-1
1,531473E+2	3,351097E-1
1,528670E+2	3,351460E-1
1,525737E+2	3,351823E-1
1,522987E+2	3,351383E-1
1,520084E+2	3,350495E-1
1,517138E+2	3,351569E-1
1,513945E+2	3,352409E-1
1,510972E+2	3,353989E-1
1,508232E+2	3,356310E-1
1,505712E+2	3,358587E-1
1,502840E+2	3,360542E-1
1,500025E+2	3,364916E-1
1,496873E+2	3,369191E-1
1,493918E+2	3,371716E-1
1,491288E+2	3,374193E-1
1,488760E+2	3,376925E-1
1,485957E+2	3,380477E-1
1,483124E+2	3,384261E-1
1,480092E+2	3,387739E-1
1,477176E+2	3,391822E-1
1,474692E+2	3,395512E-1
1,471949E+2	3,398786E-1
1,469606E+2	3,402977E-1
1,466873E+2	3,406493E-1
1,463900E+2	3,410794E-1
1,461055E+2	3,415331E-1
1,458463E+2	3,420236E-1
1,455908E+2	3,424502E-1
1,453639E+2	3,428704E-1
1,450991E+2	3,434433E-1
1,448107E+2	3,440007E-1
1,445412E+2	3,445274E-1
1,442897E+2	3,450515E-1
1,440417E+2	3,456691E-1
1,438017E+2	3,464508E-1
1,435436E+2	3,472097E-1
1,432511E+2	3,479339E-1
1,429759E+2	3,486341E-1
1,427192E+2	3,493401E-1
1,424948E+2	3,501195E-1
1,422581E+2	3,509340E-1
1,420034E+2	3,518227E-1
1,417162E+2	3,527598E-1
1,414399E+2	3,536034E-1
1,411923E+2	3,546510E-1
1,409575E+2	3,556185E-1
1,407407E+2	3,566528E-1
1,404812E+2	3,579605E-1
1,402062E+2	3,592696E-1
1,399520E+2	3,604113E-1
1,397041E+2	3,616234E-1
1,394794E+2	3,630004E-1
1,392614E+2	3,643438E-1
1,390181E+2	3,656921E-1
1,387416E+2	3,670799E-1
1,384740E+2	3,685166E-1
1,382260E+2	3,699995E-1
1,380157E+2	3,717072E-1
1,377766E+2	3,733132E-1
1,375632E+2	3,749951E-1
1,372946E+2	3,767190E-1
1,370347E+2	3,785182E-1
1,368170E+2	3,803465E-1
1,366208E+2	3,822767E-1
1,363873E+2	3,843014E-1
1,361699E+2	3,862603E-1
1,359088E+2	3,882820E-1
1,356490E+2	3,905018E-1
1,354277E+2	3,927002E-1
1,352167E+2	3,950173E-1
1,350165E+2	3,973447E-1
1,347981E+2	3,997009E-1
1,345458E+2	4,022233E-1
1,342851E+2	4,047112E-1
1,340559E+2	4,073763E-1
1,338324E+2	4,101326E-1
1,336452E+2	4,127005E-1
1,334425E+2	4,156003E-1
1,332011E+2	4,186388E-1
1,329526E+2	4,215633E-1
1,327365E+2	4,247812E-1
1,323265E+2	4,313143E-1
1,321415E+2	4,348108E-1
1,318920E+2	4,384253E-1
1,316370E+2	4,420823E-1
1,314278E+2	4,457297E-1
1,312194E+2	4,495789E-1
1,310267E+2	4,536097E-1
1,303674E+2	4,663294E-1
1,301536E+2	4,708601E-1
1,299626E+2	4,757018E-1
1,297614E+2	4,805744E-1
1,295828E+2	4,856778E-1
1,293549E+2	4,906866E-1
1,291081E+2	4,959257E-1
1,288948E+2	5,013914E-1
1,286987E+2	5,068408E-1
1,285175E+2	5,127373E-1
1,283288E+2	5,185863E-1
1,281166E+2	5,245823E-1
1,278716E+2	5,309656E-1
1,276673E+2	5,376405E-1
1,274847E+2	5,442100E-1
1,273218E+2	5,509140E-1
1,271377E+2	5,583752E-1
1,269181E+2	5,660534E-1
1,266715E+2	5,737067E-1
1,264633E+2	5,816101E-1
1,262787E+2	5,900463E-1
1,261000E+2	5,984730E-1
1,259372E+2	6,075877E-1
1,257215E+2	6,167034E-1
1,254852E+2	6,260891E-1
1,252867E+2	6,362774E-1
1,250988E+2	6,467811E-1
1,249259E+2	6,571795E-1
1,247491E+2	6,680278E-1
1,245560E+2	6,798165E-1
1,243208E+2	6,919812E-1
1,241231E+2	7,036332E-1
1,239377E+2	7,169977E-1
1,237917E+2	7,307057E-1
1,236067E+2	7,443333E-1
1,234196E+2	7,591643E-1
1,231906E+2	7,740761E-1
1,229948E+2	7,896139E-1
1,228159E+2	8,064896E-1
1,226861E+2	8,234923E-1
1,225031E+2	8,419186E-1
1,223121E+2	8,605120E-1
1,220858E+2	8,799796E-1
1,218909E+2	9,011477E-1
1,217285E+2	9,223510E-1
1,214147E+2	9,688115E-1
1,212206E+2	9,933864E-1
1,210014E+2	1,020083E+0
1,208133E+2	1,047023E+0
1,206360E+2	1,076428E+0
1,204829E+2	1,106574E+0
1,203372E+2	1,138145E+0
1,201558E+2	1,172608E+0
1,199402E+2	1,207786E+0
1,197463E+2	1,246492E+0
1,195693E+2	1,285859E+0
1,194355E+2	1,327318E+0
1,192661E+2	1,373653E+0
1,191064E+2	1,420863E+0
1,188823E+2	1,470587E+0
1,186930E+2	1,526681E+0
1,185321E+2	1,583633E+0
1,184147E+2	1,646578E+0
1,182492E+2	1,712935E+0
1,180876E+2	1,784044E+0
1,178825E+2	1,863062E+0
1,176911E+2	1,941929E+0
1,175480E+2	2,035561E+0
1,173993E+2	2,131983E+0
1,172612E+2	2,242204E+0
1,171013E+2	2,357525E+0
1,169056E+2	2,485210E+0
1,167062E+2	2,631400E+0
1,165435E+2	2,786719E+0
1,163900E+2	2,959682E+0
1,162742E+2	3,157636E+0
1,161217E+2	3,367699E+0
1,159346E+2	3,598569E+0
1,157420E+2	3,863391E+0
1,155848E+2	4,137480E+0
1,154485E+2	4,432534E+0
1,152992E+2	4,754187E+0
1,151590E+2	5,076668E+0
1,149620E+2	5,405054E+0
1,147730E+2	5,743953E+0
1,146225E+2	6,060273E+0
1,144911E+2	6,371360E+0
1,143595E+2	6,646757E+0
1,142132E+2	6,895672E+0
1,140319E+2	7,119295E+0
1,138350E+2	7,301455E+0
1,136871E+2	7,454932E+0
1,135524E+2	7,586334E+0
1,134448E+2	7,689888E+0
1,132958E+2	7,775321E+0
1,129349E+2	7,907645E+0
1,127786E+2	7,955504E+0
1,126381E+2	7,996444E+0
1,125523E+2	8,032201E+0
1,124082E+2	8,061670E+0
1,122324E+2	8,087111E+0
1,120487E+2	8,109854E+0
1,118912E+2	8,128645E+0
1,117799E+2	8,144813E+0
1,116414E+2	8,159568E+0
1,115227E+2	8,171890E+0
1,113517E+2	8,182767E+0
1,111744E+2	8,192490E+0
1,110211E+2	8,200806E+0
1,109219E+2	8,208078E+0
1,107859E+2	8,214525E+0
1,106735E+2	8,220451E+0
1,105029E+2	8,225736E+0
1,103326E+2	8,230169E+0
1,101899E+2	8,236747E+0
1,100772E+2	8,241434E+0
1,099608E+2	8,245066E+0
1,098466E+2	8,248185E+0
1,096812E+2	8,251018E+0
1,094984E+2	8,253601E+0
1,093541E+2	8,255690E+0
1,092197E+2	8,257810E+0
1,091339E+2	8,259487E+0
1,090144E+2	8,261038E+0
1,088675E+2	8,262458E+0
1,086872E+2	8,263764E+0
1,085412E+2	8,264983E+0
1,084337E+2	8,265820E+0
1,083293E+2	8,266705E+0
1,082222E+2	8,267487E+0
1,080758E+2	8,268098E+0
1,079066E+2	8,268762E+0
1,077442E+2	8,269307E+0
1,076396E+2	8,269752E+0
1,075350E+2	8,270140E+0
1,074405E+2	8,270618E+0
1,073022E+2	8,271029E+0
1,071298E+2	8,271441E+0
1,069892E+2	8,271862E+0
1,068690E+2	8,272149E+0
1,067873E+2	8,272486E+0
1,066692E+2	8,272813E+0
1,065475E+2	8,273111E+0
1,063627E+2	8,273401E+0
1,062258E+2	8,273797E+0
1,061128E+2	8,274096E+0
1,060396E+2	8,274357E+0
1,059213E+2	8,274646E+0
1,058095E+2	8,274886E+0
1,056273E+2	8,275243E+0
1,054890E+2	8,275566E+0
1,053929E+2	8,275859E+0
1,052919E+2	8,276068E+0
1,051911E+2	8,276379E+0
1,050702E+2	8,276569E+0
1,049162E+2	8,276748E+0
1,047616E+2	8,276933E+0
1,046688E+2	8,277062E+0
1,045555E+2	8,277316E+0
1,044874E+2	8,277575E+0
1,043667E+2	8,277732E+0
1,040670E+2	8,277961E+0
1,039452E+2	8,278150E+0
1,038754E+2	8,278224E+0
1,037839E+2	8,278370E+0
1,036887E+2	8,278601E+0
1,035239E+2	8,278720E+0
1,033892E+2	8,278767E+0
1,032807E+2	8,278921E+0
1,032243E+2	8,279001E+0
1,031191E+2	8,279055E+0
1,030247E+2	8,279189E+0
1,028557E+2	8,279458E+0
1,027144E+2	8,279624E+0
1,026015E+2	8,279674E+0
1,025324E+2	8,279661E+0
1,024404E+2	8,279735E+0
1,023469E+2	8,279773E+0
1,021968E+2	8,279796E+0
1,020526E+2	8,279798E+0
1,019747E+2	8,279615E+0
1,018762E+2	8,279475E+0
1,018200E+2	8,279311E+0
1,017283E+2	8,279162E+0
1,015971E+2	8,278971E+0
1,014544E+2	8,278874E+0
1,013485E+2	8,278735E+0
1,012662E+2	8,278571E+0
1,012025E+2	8,278438E+0
1,011136E+2	8,278223E+0
1,009734E+2	8,278040E+0
1,008308E+2	8,277896E+0
1,007302E+2	8,277773E+0
1,006652E+2	8,277753E+0
1,005904E+2	8,277684E+0
1,005055E+2	8,277556E+0
1,003676E+2	8,277422E+0
1,002154E+2	8,277259E+0
1,001161E+2	8,277066E+0
1,000391E+2	8,276887E+0
9,997529E+1	8,276790E+0
9,989277E+1	8,276539E+0
9,976838E+1	8,276323E+0
9,961297E+1	8,276165E+0
9,953255E+1	8,276002E+0
9,945132E+1	8,275935E+0
9,940211E+1	8,275811E+0
9,930991E+1	8,275836E+0
9,918570E+1	8,275854E+0
9,904665E+1	8,275787E+0
9,893486E+1	8,275676E+0
9,887071E+1	8,275533E+0
9,881160E+1	8,275337E+0
9,873061E+1	8,275191E+0
9,860675E+1	8,274963E+0
9,847805E+1	8,274786E+0
9,837349E+1	8,274551E+0
9,831846E+1	8,274292E+0
9,822973E+1	8,274083E+0
9,818925E+1	8,273861E+0
9,805607E+1	8,273723E+0
9,792816E+1	8,273560E+0
9,783332E+1	8,273282E+0
9,776693E+1	8,273033E+0
9,768638E+1	8,272775E+0
9,763428E+1	8,272560E+0
9,750934E+1	8,272400E+0
9,737596E+1	8,272216E+0
9,728181E+1	8,272029E+0
9,720522E+1	8,271847E+0
9,717546E+1	8,271649E+0
9,709799E+1	8,271390E+0
9,700236E+1	8,271189E+0
9,685799E+1	8,270937E+0
9,676201E+1	8,270724E+0
9,669195E+1	8,270606E+0
9,665167E+1	8,270380E+0
9,657696E+1	8,270250E+0
9,647160E+1	8,270046E+0
9,633987E+1	8,269865E+0
9,624416E+1	8,269611E+0
9,619693E+1	8,269418E+0
9,611651E+1	8,269143E+0
9,608290E+1	8,269007E+0
9,598081E+1	8,268806E+0
9,585722E+1	8,268650E+0
9,575365E+1	8,268385E+0
9,568450E+1	8,268179E+0
9,561917E+1	8,267952E+0
9,558233E+1	8,267727E+0
9,548299E+1	8,267542E+0
9,536458E+1	8,267311E+0
9,527083E+1	8,267063E+0
9,519742E+1	8,266828E+0
9,515622E+1	8,266626E+0
9,510434E+1	8,266409E+0
9,502429E+1	8,266193E+0
9,489446E+1	8,266025E+0
9,478839E+1	8,265861E+0
9,471443E+1	8,265570E+0
9,468759E+1	8,265248E+0
9,463405E+1	8,265090E+0
9,455858E+1	8,264935E+0
9,443205E+1	8,264810E+0
9,432874E+1	8,264646E+0
9,427244E+1	8,264478E+0
9,422227E+1	8,264255E+0
9,420380E+1	8,264119E+0
9,411957E+1	8,263842E+0
9,399588E+1	8,263658E+0
9,389954E+1	8,263527E+0
9,382011E+1	8,263290E+0
9,377956E+1	8,263036E+0
9,374988E+1	8,262809E+0
9,368121E+1	8,262602E+0
9,355047E+1	8,262428E+0
9,345541E+1	8,262258E+0
9,337412E+1	8,262097E+0
9,335187E+1	8,261862E+0
9,329562E+1	8,261669E+0
9,324616E+1	8,261546E+0
9,311530E+1	8,261313E+0
9,301563E+1	8,261133E+0
9,295108E+1	8,260882E+0
9,292905E+1	8,260720E+0
9,287503E+1	8,260539E+0
9,282149E+1	8,260361E+0
9,270979E+1	8,260131E+0
9,259484E+1	8,259973E+0
9,253954E+1	8,259829E+0
9,249568E+1	8,259659E+0
9,245643E+1	8,259504E+0
9,241655E+1	8,259274E+0
9,231075E+1	8,259130E+0
9,219769E+1	8,258960E+0
9,214327E+1	8,258767E+0
9,209833E+1	8,258654E+0
9,208159E+1	8,258475E+0
9,202320E+1	8,258305E+0
9,191675E+1	8,258100E+0
9,180852E+1	8,258082E+0
9,174801E+1	8,257758E+0
9,169426E+1	8,257451E+0
9,169053E+1	8,257253E+0
9,164321E+1	8,257013E+0
9,155375E+1	8,256805E+0
9,143683E+1	8,256968E+0
9,135948E+1	8,256977E+0
9,131467E+1	8,256851E+0
9,131266E+1	8,256658E+0
9,126099E+1	8,256489E+0
9,116746E+1	8,256368E+0
9,106047E+1	8,256225E+0
9,098954E+1	8,256030E+0
9,097298E+1	8,255829E+0
9,092717E+1	8,255552E+0
9,089553E+1	8,255409E+0
9,081383E+1	8,255299E+0
9,070707E+1	8,255133E+0
9,063001E+1	8,254991E+0
9,060941E+1	8,254842E+0
9,055452E+1	8,254759E+0
9,055213E+1	8,254653E+0
9,046084E+1	8,254491E+0
9,035138E+1	8,254313E+0
9,026596E+1	8,254168E+0
9,024929E+1	8,254016E+0
9,020072E+1	8,253878E+0
9,018796E+1	8,253773E+0
9,011334E+1	8,253587E+0
9,001080E+1	8,253387E+0
8,993986E+1	8,253219E+0
8,990048E+1	8,253102E+0
8,986131E+1	8,252926E+0
8,984443E+1	8,252702E+0
8,977328E+1	8,252571E+0
8,965669E+1	8,252417E+0
8,960797E+1	8,252268E+0
8,956691E+1	8,252112E+0
8,955656E+1	8,252007E+0
8,952386E+1	8,251937E+0
8,945713E+1	8,251754E+0
8,934337E+1	8,251577E+0
8,927885E+1	8,251403E+0
8,923407E+1	8,251296E+0
8,922842E+1	8,251183E+0
8,919808E+1	8,251012E+0
8,915353E+1	8,250878E+0
8,903361E+1	8,250795E+0
8,896871E+1	8,250500E+0
8,893346E+1	8,250290E+0
8,891931E+1	8,250161E+0
8,888604E+1	8,250021E+0
8,882841E+1	8,249793E+0
8,871544E+1	8,249672E+0
8,865050E+1	8,249560E+0
8,862877E+1	8,249384E+0
8,858716E+1	8,249296E+0
8,859511E+1	8,249195E+0
8,852518E+1	8,249011E+0
8,843878E+1	8,248826E+0
8,835443E+1	8,248705E+0
8,831624E+1	8,248511E+0
8,829432E+1	8,248336E+0
8,828950E+1	8,248158E+0
8,824059E+1	8,247955E+0
8,813003E+1	8,247799E+0
8,807051E+1	8,247660E+0
8,801627E+1	8,247405E+0
8,802403E+1	8,247286E+0
8,799168E+1	8,247203E+0
8,795654E+1	8,247134E+0
8,783620E+1	8,247038E+0
8,777194E+1	8,246897E+0
8,772999E+1	8,246653E+0
8,772961E+1	8,246506E+0
8,770656E+1	8,246325E+0
8,767113E+1	8,246208E+0
8,757181E+1	8,246045E+0
8,749051E+1	8,245960E+0
8,745444E+1	8,245872E+0
8,743474E+1	8,245736E+0
8,742987E+1	8,245643E+0
8,739486E+1	8,245504E+0
8,729431E+1	8,245381E+0
8,720709E+1	8,245317E+0
8,719178E+1	8,245221E+0
8,715395E+1	8,245095E+0
8,716197E+1	8,244944E+0
8,712927E+1	8,244835E+0
8,705640E+1	8,244719E+0
8,696943E+1	8,244422E+0
8,692083E+1	8,244147E+0
8,690158E+1	8,244037E+0
8,690661E+1	8,243991E+0
8,687544E+1	8,243898E+0
8,679046E+1	8,243742E+0
8,671421E+1	8,243588E+0
8,666832E+1	8,243464E+0
8,666533E+1	8,243401E+0
8,663662E+1	8,243337E+0
8,663166E+1	8,243213E+0
8,655172E+1	8,243150E+0
8,646053E+1	8,243079E+0
8,644680E+1	8,243050E+0
8,642641E+1	8,242874E+0
8,642945E+1	8,242746E+0
8,642291E+1	8,242660E+0
8,633822E+1	8,242505E+0
8,624319E+1	8,242416E+0
8,622208E+1	8,242330E+0
8,619980E+1	8,242166E+0
8,621355E+1	8,242103E+0
8,618139E+1	8,242069E+0
8,612947E+1	8,241992E+0
8,602703E+1	8,241881E+0
8,597400E+1	8,241692E+0
8,595096E+1	8,241613E+0
8,596810E+1	8,241451E+0
8,593979E+1	8,241348E+0
8,586113E+1	8,241255E+0
8,578557E+1	8,241168E+0
8,574180E+1	8,240989E+0
8,574960E+1	8,240825E+0
8,571959E+1	8,240768E+0
8,573373E+1	8,240600E+0
8,564694E+1	8,240416E+0
8,557247E+1	8,240428E+0
8,552963E+1	8,240279E+0
8,552011E+1	8,240138E+0
8,550248E+1	8,240017E+0
8,550444E+1	8,239914E+0
8,543064E+1	8,239727E+0
8,535582E+1	8,239629E+0
8,532934E+1	8,239582E+0
8,531014E+1	8,239492E+0
8,531358E+1	8,239267E+0
8,528954E+1	8,238903E+0
8,522827E+1	8,238718E+0
8,513315E+1	8,238595E+0
8,508442E+1	8,238404E+0
8,507216E+1	8,238291E+0
8,508180E+1	8,238276E+0
8,507158E+1	8,238205E+0
8,501985E+1	8,238059E+0
8,493436E+1	8,238032E+0
8,488874E+1	8,237929E+0
8,489251E+1	8,237795E+0
8,486396E+1	8,237708E+0
8,488390E+1	8,237621E+0
8,482394E+1	8,237533E+0
8,475195E+1	8,237393E+0
8,469674E+1	8,237203E+0
8,469009E+1	8,237165E+0
8,466835E+1	8,237088E+0
8,468473E+1	8,236973E+0
8,462765E+1	8,236893E+0
8,456036E+1	8,236801E+0
8,451337E+1	8,236716E+0
8,449351E+1	8,236647E+0
8,449947E+1	8,236587E+0
8,448470E+1	8,236507E+0
8,444360E+1	8,236414E+0
8,437128E+1	8,236355E+0
8,431838E+1	8,236223E+0
8,428612E+1	8,236155E+0
8,431443E+1	8,236097E+0
8,430984E+1	8,235985E+0
8,428079E+1	8,235915E+0
8,419230E+1	8,235803E+0
8,413727E+1	8,235719E+0
8,412880E+1	8,235683E+0
8,412174E+1	8,235598E+0
8,414455E+1	8,235509E+0
8,410928E+1	8,235404E+0
8,404170E+1	8,235353E+0
8,396784E+1	8,235234E+0
8,394398E+1	8,235084E+0
8,393242E+1	8,235081E+0
8,396787E+1	8,235034E+0
8,394114E+1	8,234923E+0
8,384992E+1	8,234803E+0
8,380533E+1	8,234641E+0
8,376910E+1	8,234601E+0
8,378143E+1	8,234541E+0
8,378999E+1	8,234447E+0
8,377619E+1	8,234394E+0
8,369854E+1	8,234353E+0
8,363152E+1	8,234279E+0
8,360630E+1	8,234226E+0
8,362607E+1	8,234127E+0
8,362891E+1	8,234024E+0
8,361654E+1	8,233976E+0
8,354528E+1	8,233960E+0
8,347408E+1	8,233857E+0
8,345824E+1	8,233780E+0
8,345513E+1	8,233716E+0
8,347483E+1	8,233663E+0
8,346141E+1	8,233614E+0
8,338309E+1	8,233457E+0
8,331248E+1	8,233311E+0
8,330110E+1	8,233245E+0
8,328153E+1	8,233255E+0
8,333078E+1	8,233176E+0
8,331201E+1	8,233124E+0
8,326244E+1	8,233086E+0
8,318197E+1	8,233060E+0
8,314584E+1	8,232931E+0
8,315427E+1	8,232927E+0
8,316804E+1	8,232929E+0
8,316620E+1	8,232817E+0
8,310873E+1	8,232661E+0
8,302374E+1	8,232629E+0
8,299409E+1	8,232551E+0
8,301568E+1	8,232611E+0
8,302325E+1	8,232614E+0
8,302041E+1	8,232524E+0
8,296510E+1	8,232510E+0
8,288032E+1	8,232513E+0
8,286634E+1	8,232441E+0
8,286231E+1	8,232375E+0
8,287887E+1	8,232260E+0
8,287971E+1	8,232215E+0
8,282183E+1	8,232190E+0
8,273196E+1	8,232131E+0
8,273428E+1	8,232090E+0
8,272679E+1	8,232099E+0
8,274717E+1	8,232055E+0
8,274869E+1	8,231917E+0
8,271242E+1	8,231884E+0
8,262046E+1	8,231793E+0
8,259003E+1	8,231658E+0
8,258307E+1	8,231655E+0
8,261243E+1	8,231623E+0
8,261818E+1	8,231593E+0
8,257249E+1	8,231537E+0
8,249148E+1	8,231488E+0
8,246297E+1	8,231451E+0
8,247327E+1	8,231432E+0
8,245815E+1	8,231329E+0
8,250269E+1	8,231287E+0
8,244863E+1	8,231260E+0
8,238461E+1	8,231264E+0
8,234397E+1	8,231193E+0
8,233277E+1	8,231114E+0
8,235141E+1	8,231149E+0
8,236186E+1	8,231086E+0
8,232502E+1	8,230984E+0
8,224158E+1	8,230902E+0
8,222732E+1	8,230775E+0
8,221060E+1	8,230770E+0
8,223339E+1	8,230832E+0
8,224371E+1	8,230803E+0
8,220412E+1	8,230652E+0
8,213678E+1	8,230632E+0
8,209896E+1	8,230553E+0
8,207846E+1	8,230537E+0
8,212128E+1	8,230476E+0
8,212861E+1	8,230395E+0
8,210185E+1	8,230384E+0
8,202853E+1	8,230416E+0
8,198624E+1	8,230328E+0
8,199049E+1	8,230265E+0
8,199329E+1	8,230286E+0
8,202175E+1	8,230260E+0
8,199318E+1	8,230200E+0
8,193604E+1	8,230150E+0
8,187095E+1	8,230087E+0
8,187613E+1	8,230122E+0
8,186956E+1	8,230078E+0
8,191637E+1	8,230071E+0
8,188899E+1	8,229946E+0
8,180910E+1	8,229909E+0
8,177963E+1	8,229864E+0
8,176140E+1	8,229878E+0
8,179539E+1	8,229842E+0
8,179377E+1	8,229740E+0
8,178881E+1	8,229701E+0
8,172029E+1	8,229713E+0
8,166484E+1	8,229605E+0
8,165532E+1	8,229626E+0
8,168593E+1	8,229545E+0
8,169678E+1	8,229446E+0
8,169075E+1	8,229432E+0
8,161964E+1	8,229386E+0
8,156725E+1	8,229346E+0
8,156174E+1	8,229310E+0
8,157158E+1	8,229187E+0
8,159376E+1	8,229068E+0
8,159086E+1	8,229070E+0
8,151659E+1	8,229034E+0
8,145524E+1	8,229074E+0
8,146270E+1	8,229046E+0
8,145618E+1	8,229006E+0
8,150739E+1	8,228999E+0
8,149499E+1	8,228948E+0
8,145026E+1	8,228910E+0
8,138286E+1	8,228899E+0
8,136025E+1	8,228812E+0
8,137337E+1	8,228759E+0
8,140433E+1	8,228719E+0
8,139916E+1	8,228656E+0
8,134286E+1	8,228628E+0
8,129205E+1	8,228562E+0
8,127184E+1	8,228457E+0
8,129779E+1	8,228457E+0
8,129874E+1	8,228466E+0
8,131612E+1	8,228360E+0
8,126033E+1	8,228340E+0
8,119270E+1	8,228362E+0
8,118536E+1	8,228299E+0
8,119406E+1	8,228279E+0
8,122065E+1	8,228244E+0
8,122926E+1	8,228316E+0
8,119408E+1	8,228253E+0
8,112453E+1	8,228186E+0
8,112690E+1	8,228227E+0
8,110959E+1	8,228274E+0
8,115069E+1	8,228270E+0
8,114689E+1	8,228107E+0
8,112123E+1	8,228003E+0
8,104104E+1	8,227973E+0
8,102077E+1	8,227866E+0
8,102775E+1	8,227884E+0
8,107939E+1	8,227871E+0
8,107551E+1	8,227844E+0
8,102101E+1	8,227827E+0
8,096659E+1	8,227792E+0
8,093377E+1	8,227782E+0
8,096502E+1	8,227826E+0
8,097828E+1	8,227688E+0
8,100870E+1	8,227617E+0
8,095319E+1	8,227602E+0
8,087323E+1	8,227560E+0
8,086620E+1	8,227510E+0
8,087393E+1	8,227465E+0
8,089881E+1	8,227477E+0
8,090757E+1	8,227551E+0
8,087144E+1	8,227518E+0
8,080029E+1	8,227401E+0
8,079215E+1	8,227370E+0
8,078827E+1	8,227363E+0
8,083899E+1	8,227382E+0
8,083512E+1	8,227274E+0
8,079684E+1	8,227286E+0
8,072861E+1	8,227193E+0
8,072526E+1	8,227190E+0
8,072010E+1	8,227155E+0
8,077947E+1	8,227186E+0
8,075940E+1	8,227149E+0
8,074159E+1	8,227082E+0
8,067372E+1	8,227110E+0
8,065803E+1	8,227118E+0
8,067007E+1	8,227050E+0
8,069611E+1	8,227028E+0
8,071812E+1	8,227079E+0
8,069800E+1	8,227095E+0
8,064209E+1	8,227042E+0
8,058443E+1	8,227009E+0
8,059976E+1	8,227000E+0
8,056885E+1	8,226891E+0
8,061970E+1	8,226853E+0
8,059361E+1	8,226856E+0
8,051919E+1	8,226816E+0
8,050280E+1	8,226845E+0
8,049330E+1	8,226850E+0
8,052758E+1	8,226812E+0
8,053971E+1	8,226733E+0
8,053147E+1	8,226740E+0
8,044137E+1	8,226700E+0
8,042414E+1	8,226685E+0
8,042307E+1	8,226603E+0
8,047186E+1	8,226612E+0
8,046994E+1	8,226710E+0
8,047556E+1	8,226716E+0
8,038827E+1	8,226558E+0
8,036044E+1	8,226472E+0
8,036356E+1	8,226454E+0
8,038221E+1	8,226454E+0
8,041389E+1	8,226406E+0
8,040705E+1	8,226430E+0
8,033465E+1	8,226376E+0
8,029021E+1	8,226501E+0
8,031008E+1	8,226491E+0
8,030751E+1	8,226408E+0
8,036818E+1	8,226322E+0
8,036227E+1	8,226266E+0
8,031075E+1	8,226269E+0
8,028053E+1	8,226251E+0
8,023729E+1	8,226223E+0
8,027226E+1	8,226184E+0
8,029992E+1	8,226095E+0
8,029918E+1	8,226125E+0
8,021574E+1	8,226077E+0
8,018426E+1	8,225978E+0
8,017877E+1	8,226035E+0
8,022750E+1	8,226023E+0
8,022631E+1	8,226062E+0
8,023247E+1	8,225999E+0
8,015896E+1	8,225921E+0
8,012051E+1	8,225974E+0
8,012386E+1	8,225950E+0
8,015118E+1	8,225897E+0
8,017023E+1	8,225894E+0
8,018524E+1	8,225824E+0
8,011868E+1	8,225849E+0
8,006232E+1	8,225793E+0
8,007460E+1	8,225785E+0
8,008820E+1	8,225869E+0
8,013679E+1	8,225826E+0
8,013250E+1	8,225753E+0
8,010234E+1	8,225740E+0
8,003225E+1	8,225740E+0
8,001423E+1	8,225724E+0
8,002145E+1	8,225772E+0
8,007959E+1	8,225808E+0
8,008232E+1	8,225789E+0
7,996173E+1	8,225929E+0
7,999054E+1	8,225842E+0
7,999571E+1	8,225730E+0
8,002929E+1	8,225637E+0
7,998246E+1	8,225525E+0
7,993183E+1	8,225519E+0
7,989812E+1	8,225540E+0
7,994564E+1	8,225522E+0
7,994945E+1	8,225479E+0
7,998118E+1	8,225394E+0
7,992710E+1	8,225397E+0
7,988179E+1	8,225455E+0
7,989471E+1	8,225383E+0
7,988902E+1	8,225313E+0
7,991103E+1	8,225315E+0
7,993082E+1	8,225251E+0
7,987546E+1	8,225228E+0
7,982998E+1	8,225304E+0
7,982413E+1	8,225259E+0
7,982339E+1	8,225259E+0
7,987019E+1	8,225357E+0
7,988248E+1	8,225401E+0
7,985955E+1	8,225288E+0
7,979106E+1	8,225217E+0
7,977475E+1	8,225232E+0
7,980206E+1	8,225170E+0
7,982709E+1	8,225132E+0
7,983837E+1	8,225137E+0
7,980415E+1	8,225127E+0
7,975733E+1	8,225000E+0
7,973271E+1	8,224979E+0
7,976651E+1	8,224917E+0
7,975983E+1	8,224924E+0
7,980893E+1	8,224859E+0
7,976650E+1	8,224767E+0
7,971774E+1	8,224742E+0
7,969896E+1	8,224760E+0
7,970697E+1	8,224652E+0
7,971797E+1	8,224630E+0
7,974709E+1	8,224580E+0
7,972126E+1	8,224583E+0
7,967049E+1	8,224568E+0
7,965954E+1	8,224565E+0
7,966478E+1	8,224546E+0
7,970220E+1	8,224558E+0
7,971234E+1	8,224548E+0
7,970388E+1	8,224534E+0
7,962982E+1	8,224464E+0
7,960839E+1	8,224301E+0
7,960833E+1	8,224326E+0
7,966576E+1	8,224284E+0
7,967457E+1	8,224346E+0
7,967398E+1	8,224239E+0
7,960973E+1	8,224226E+0
7,957361E+1	8,224209E+0
7,958948E+1	8,224213E+0
7,960350E+1	8,224105E+0
7,964884E+1	8,224129E+0
7,963202E+1	8,224127E+0
7,958656E+1	8,224160E+0
7,953312E+1	8,224149E+0
7,954314E+1	8,224161E+0
7,955248E+1	8,224150E+0
7,960814E+1	8,224119E+0
7,959931E+1	8,224081E+0
7,953105E+1	8,224045E+0
7,950897E+1	8,223990E+0
7,950406E+1	8,223975E+0
7,954701E+1	8,223986E+0
7,957555E+1	8,223938E+0
7,957995E+1	8,223937E+0
7,951787E+1	8,223877E+0
7,947832E+1	8,223870E+0
7,948616E+1	8,223870E+0
7,952218E+1	8,223912E+0
7,953615E+1	8,223890E+0
7,955088E+1	8,223843E+0
7,949068E+1	8,223822E+0
7,946601E+1	8,223799E+0
7,947230E+1	8,223777E+0
7,949251E+1	8,223787E+0
7,950950E+1	8,223834E+0
7,952502E+1	8,223831E+0
7,946623E+1	8,223735E+0
7,941352E+1	8,223665E+0
7,943870E+1	8,223685E+0
7,944286E+1	8,223617E+0
7,949095E+1	8,223657E+0
7,949051E+1	8,223725E+0
7,945639E+1	8,223710E+0
7,940035E+1	8,223691E+0
7,939664E+1	8,223754E+0
7,941762E+1	8,223703E+0
7,945526E+1	8,223724E+0
7,946160E+1	8,223748E+0
7,941685E+1	8,223761E+0
7,937091E+1	8,223668E+0
7,935202E+1	8,223618E+0
7,938033E+1	8,223651E+0
7,938654E+1	8,223622E+0
7,942962E+1	8,223642E+0
7,936154E+1	8,223668E+0
7,931665E+1	8,223586E+0
7,931467E+1	8,223559E+0
7,934929E+1	8,223558E+0
7,936297E+1	8,223617E+0
7,938629E+1	8,223654E+0
7,932868E+1	8,223599E+0
7,929228E+1	8,223578E+0
7,929220E+1	8,223507E+0
7,929382E+1	8,223473E+0
7,934794E+1	8,223552E+0
7,934919E+1	8,223484E+0
7,930904E+1	8,223421E+0
7,925379E+1	8,223419E+0
7,924395E+1	8,223384E+0
7,924977E+1	8,223454E+0
7,931129E+1	8,223403E+0
7,932048E+1	8,223371E+0
7,930475E+1	8,223405E+0
7,923351E+1	8,223511E+0
7,921618E+1	8,223542E+0
7,925470E+1	8,223557E+0
7,925834E+1	8,223618E+0
7,929493E+1	8,223623E+0
7,926085E+1	8,223601E+0
7,921928E+1	8,223619E+0
7,919059E+1	8,223548E+0
7,923255E+1	8,223509E+0
7,922565E+1	8,223538E+0
7,927321E+1	8,223453E+0
7,922839E+1	8,223436E+0
7,917509E+1	8,223408E+0
7,917310E+1	8,223369E+0
7,917350E+1	8,223377E+0
7,921664E+1	8,223372E+0
7,922228E+1	8,223392E+0
7,916696E+1	8,223369E+0
7,916147E+1	8,223337E+0
7,917215E+1	8,223364E+0
