2,940960E+2	9,665522E-3
2,940944E+2	9,590702E-3
2,940844E+2	9,616423E-3
2,940761E+2	9,692073E-3
2,940830E+2	9,793172E-3
2,940851E+2	9,855567E-3
2,940953E+2	9,844452E-3
2,940929E+2	9,826735E-3
2,940800E+2	9,865519E-3
2,940767E+2	9,855412E-3
2,940782E+2	9,837887E-3
2,940837E+2	9,905942E-3
2,940919E+2	9,893172E-3
2,940911E+2	9,778036E-3
2,940831E+2	9,661413E-3
2,940744E+2	9,338406E-3
2,940771E+2	6,919391E-3
2,940895E+2	-7,098451E-4
2,940871E+2	-1,010368E-2
2,940676E+2	-1,231285E-2
2,940002E+2	1,889664E-2
2,938112E+2	1,415543E-2
2,934672E+2	1,066515E-2
2,929845E+2	9,947681E-3
2,924081E+2	9,924586E-3
2,918303E+2	1,002342E-2
2,911833E+2	1,019877E-2
2,905035E+2	1,040878E-2
2,898595E+2	1,060079E-2
2,891903E+2	1,082084E-2
2,884818E+2	1,101485E-2
2,877648E+2	1,122661E-2
2,870536E+2	1,146789E-2
2,863359E+2	1,161821E-2
2,855992E+2	1,180994E-2
2,848776E+2	1,202595E-2
2,841242E+2	1,225304E-2
2,833881E+2	1,240922E-2
2,826110E+2	1,260108E-2
2,818579E+2	1,281976E-2
2,811039E+2	1,297881E-2
2,803207E+2	1,321340E-2
2,795826E+2	1,335968E-2
2,787991E+2	1,350957E-2
2,780281E+2	1,361147E-2
2,772584E+2	1,367119E-2
2,764879E+2	1,378472E-2
2,757322E+2	1,373460E-2
2,750102E+2	1,359691E-2
2,742973E+2	1,354693E-2
2,735503E+2	1,333227E-2
2,728174E+2	1,319830E-2
2,721345E+2	1,307897E-2
2,714686E+2	1,292069E-2
2,707658E+2	1,274336E-2
2,701013E+2	1,257929E-2
2,693801E+2	1,232506E-2
2,686755E+2	1,212977E-2
2,679869E+2	1,185467E-2
2,672757E+2	1,158084E-2
2,665830E+2	1,128360E-2
2,658660E+2	1,095778E-2
2,651404E+2	1,063785E-2
2,644159E+2	1,021194E-2
2,636985E+2	9,836054E-3
2,629987E+2	9,492272E-3
2,622765E+2	9,043206E-3
2,615826E+2	8,684844E-3
2,608639E+2	8,345446E-3
2,601339E+2	8,008110E-3
2,594208E+2	7,643190E-3
2,587475E+2	7,235232E-3
2,580802E+2	6,781664E-3
2,573638E+2	6,282510E-3
2,566575E+2	5,890376E-3
2,559906E+2	5,457901E-3
2,552825E+2	5,011532E-3
2,546230E+2	4,623389E-3
2,539641E+2	4,221693E-3
2,532769E+2	3,867248E-3
2,526115E+2	3,416757E-3
2,519139E+2	3,102225E-3
2,512536E+2	2,685640E-3
2,506118E+2	2,387440E-3
2,499316E+2	2,119682E-3
2,493003E+2	1,824479E-3
2,486385E+2	1,391942E-3
2,479537E+2	1,015628E-3
2,473075E+2	6,697414E-4
2,466667E+2	3,150781E-4
2,459929E+2	-5,691190E-5
2,453579E+2	-5,293501E-4
2,447075E+2	-9,825355E-4
2,440342E+2	-1,404699E-3
2,434002E+2	-1,883914E-3
2,427773E+2	-2,397128E-3
2,421355E+2	-2,900964E-3
2,415131E+2	-3,382271E-3
2,408677E+2	-3,901098E-3
2,402292E+2	-4,482195E-3
2,396036E+2	-4,996610E-3
2,389748E+2	-5,576238E-3
2,383700E+2	-6,158800E-3
2,377684E+2	-6,786764E-3
2,371329E+2	-7,299858E-3
2,365097E+2	-7,900975E-3
2,359053E+2	-8,526632E-3
2,352963E+2	-9,122608E-3
2,346859E+2	-9,819656E-3
2,341419E+2	-1,041943E-2
2,335159E+2	-1,106054E-2
2,329107E+2	-1,172804E-2
2,323285E+2	-1,240524E-2
2,317272E+2	-1,314208E-2
2,311558E+2	-1,377597E-2
2,305658E+2	-1,440320E-2
2,299959E+2	-1,513756E-2
2,294052E+2	-1,590546E-2
2,288068E+2	-1,661173E-2
2,282452E+2	-1,737126E-2
2,277039E+2	-1,813095E-2
2,271213E+2	-1,886176E-2
2,265661E+2	-1,953339E-2
2,259873E+2	-2,025153E-2
2,254078E+2	-2,103631E-2
2,248715E+2	-2,183858E-2
2,243362E+2	-2,257588E-2
2,237730E+2	-2,327874E-2
2,232288E+2	-2,405842E-2
2,226612E+2	-2,488132E-2
2,220975E+2	-2,567584E-2
2,215724E+2	-2,651676E-2
2,210167E+2	-2,726095E-2
2,205023E+2	-2,809078E-2
2,199611E+2	-2,893384E-2
2,193973E+2	-2,976631E-2
2,188617E+2	-3,067269E-2
2,183492E+2	-3,153810E-2
2,178140E+2	-3,235420E-2
2,173077E+2	-3,325424E-2
2,167884E+2	-3,410410E-2
2,162433E+2	-3,505913E-2
2,157215E+2	-3,589084E-2
2,152217E+2	-3,674235E-2
2,147101E+2	-3,774573E-2
2,142048E+2	-3,868628E-2
2,136930E+2	-3,962959E-2
2,131430E+2	-4,055415E-2
2,126219E+2	-4,152847E-2
2,121023E+2	-4,241775E-2
2,116133E+2	-4,325404E-2
2,111173E+2	-4,407370E-2
2,106063E+2	-4,481860E-2
2,100917E+2	-4,555861E-2
2,095851E+2	-4,620311E-2
2,090846E+2	-4,669022E-2
2,086080E+2	-4,685061E-2
2,081450E+2	-4,647966E-2
2,076436E+2	-4,532679E-2
2,071531E+2	-4,220836E-2
2,066731E+2	-3,777911E-2
2,061872E+2	-3,338085E-2
2,057054E+2	-2,974411E-2
2,052687E+2	-2,758098E-2
2,047566E+2	-2,687549E-2
2,042215E+2	-2,753862E-2
2,035836E+2	-2,883073E-2
2,027740E+2	-3,048852E-2
2,015782E+2	-3,288476E-2
1,999701E+2	-3,562498E-2
1,984270E+2	-3,902001E-2
1,970051E+2	-4,327768E-2
1,957692E+2	-4,807017E-2
1,947931E+2	-5,361586E-2
1,939606E+2	-5,931614E-2
1,931735E+2	-6,452524E-2
1,925056E+2	-6,895589E-2
1,918606E+2	-7,249189E-2
1,912462E+2	-7,478639E-2
1,906826E+2	-7,661423E-2
1,901701E+2	-7,789206E-2
1,896755E+2	-7,890538E-2
1,891694E+2	-7,990244E-2
1,886708E+2	-8,093998E-2
1,881775E+2	-8,198784E-2
1,876954E+2	-8,300571E-2
1,872259E+2	-8,412603E-2
1,868097E+2	-8,529784E-2
1,863324E+2	-8,639567E-2
1,858387E+2	-8,745977E-2
1,853423E+2	-8,852989E-2
1,848479E+2	-8,963374E-2
1,844134E+2	-9,071819E-2
1,839399E+2	-9,183148E-2
1,834917E+2	-9,293914E-2
1,830162E+2	-9,405495E-2
1,825370E+2	-9,516379E-2
1,820904E+2	-9,631035E-2
1,816848E+2	-9,737842E-2
1,812406E+2	-9,843846E-2
1,808296E+2	-9,953162E-2
1,803809E+2	-1,006132E-1
1,799234E+2	-1,018331E-1
1,794832E+2	-1,029912E-1
1,790854E+2	-1,042108E-1
1,786537E+2	-1,053828E-1
1,782216E+2	-1,065813E-1
1,777979E+2	-1,077449E-1
1,773488E+2	-1,088470E-1
1,769383E+2	-1,098979E-1
1,761320E+2	-1,116537E-1
1,757166E+2	-1,125035E-1
1,753024E+2	-1,135862E-1
1,748696E+2	-1,146678E-1
1,744479E+2	-1,157903E-1
1,740769E+2	-1,170202E-1
1,736990E+2	-1,178812E-1
1,733070E+2	-1,188464E-1
1,729117E+2	-1,197976E-1
1,724966E+2	-1,208291E-1
1,721083E+2	-1,219319E-1
1,717499E+2	-1,230183E-1
1,713593E+2	-1,240404E-1
1,710074E+2	-1,250848E-1
1,706189E+2	-1,262871E-1
1,702170E+2	-1,273604E-1
1,699021E+2	-1,284962E-1
1,695525E+2	-1,296238E-1
1,691762E+2	-1,306402E-1
1,688273E+2	-1,317746E-1
1,684514E+2	-1,328967E-1
1,680508E+2	-1,340424E-1
1,676819E+2	-1,351288E-1
1,673318E+2	-1,361791E-1
1,669793E+2	-1,372727E-1
1,666347E+2	-1,383281E-1
1,662712E+2	-1,394463E-1
1,658849E+2	-1,405283E-1
1,655180E+2	-1,416122E-1
1,651688E+2	-1,426917E-1
1,648356E+2	-1,438780E-1
1,645051E+2	-1,449570E-1
1,641433E+2	-1,460430E-1
1,637711E+2	-1,470831E-1
1,634257E+2	-1,480928E-1
1,630935E+2	-1,491976E-1
1,627513E+2	-1,502149E-1
1,624676E+2	-1,512257E-1
1,621047E+2	-1,521714E-1
1,617407E+2	-1,531283E-1
1,613994E+2	-1,541213E-1
1,610602E+2	-1,551281E-1
1,607541E+2	-1,560777E-1
1,604182E+2	-1,570047E-1
1,601118E+2	-1,578346E-1
1,597484E+2	-1,586648E-1
1,594017E+2	-1,594497E-1
1,590794E+2	-1,604856E-1
1,587926E+2	-1,613935E-1
1,584545E+2	-1,624630E-1
1,581334E+2	-1,636630E-1
1,577820E+2	-1,646920E-1
1,574414E+2	-1,657389E-1
1,571210E+2	-1,668783E-1
1,568462E+2	-1,681882E-1
1,565333E+2	-1,689358E-1
1,562247E+2	-1,685171E-1
1,558668E+2	-1,688657E-1
1,555249E+2	-1,694713E-1
1,552342E+2	-1,702621E-1
1,549253E+2	-1,711633E-1
1,546573E+2	-1,719367E-1
1,543575E+2	-1,727760E-1
1,540291E+2	-1,737235E-1
1,537084E+2	-1,746514E-1
1,534132E+2	-1,755783E-1
1,531112E+2	-1,764167E-1
1,528362E+2	-1,773458E-1
1,525466E+2	-1,783399E-1
1,522195E+2	-1,793511E-1
1,519096E+2	-1,805728E-1
1,516201E+2	-1,815179E-1
1,513429E+2	-1,825001E-1
1,510637E+2	-1,833872E-1
1,507779E+2	-1,842809E-1
1,504541E+2	-1,851171E-1
1,501444E+2	-1,861242E-1
1,498553E+2	-1,870734E-1
1,495728E+2	-1,866949E-1
1,492912E+2	-1,863307E-1
1,490008E+2	-1,867115E-1
1,486837E+2	-1,873222E-1
1,483719E+2	-1,881049E-1
1,480864E+2	-1,890201E-1
1,478196E+2	-1,898788E-1
1,475761E+2	-1,908484E-1
1,472877E+2	-1,916921E-1
1,469954E+2	-1,926322E-1
1,466997E+2	-1,935386E-1
1,464148E+2	-1,944473E-1
1,461649E+2	-1,953168E-1
1,459140E+2	-1,962038E-1
1,456393E+2	-1,970861E-1
1,453445E+2	-1,980644E-1
1,450475E+2	-1,990102E-1
1,447772E+2	-1,999513E-1
1,445539E+2	-2,008070E-1
1,443056E+2	-2,017421E-1
1,440860E+2	-2,026379E-1
1,437952E+2	-2,036339E-1
1,435002E+2	-2,046697E-1
1,432359E+2	-2,055764E-1
1,429876E+2	-2,064010E-1
1,427304E+2	-2,072312E-1
1,424953E+2	-2,080256E-1
1,422116E+2	-2,089623E-1
1,419302E+2	-2,098077E-1
1,416796E+2	-2,106484E-1
1,414331E+2	-2,115067E-1
1,411969E+2	-2,122881E-1
1,409535E+2	-2,130848E-1
1,406878E+2	-2,138434E-1
1,403925E+2	-2,147614E-1
1,401327E+2	-2,155815E-1
1,398955E+2	-2,163379E-1
1,396716E+2	-2,169777E-1
1,394311E+2	-2,176050E-1
1,391567E+2	-2,183578E-1
1,386165E+2	-2,201204E-1
1,383924E+2	-2,209369E-1
1,381718E+2	-2,216145E-1
1,379677E+2	-2,223101E-1
1,377073E+2	-2,231572E-1
1,374313E+2	-2,239599E-1
1,371932E+2	-2,247523E-1
1,369527E+2	-2,255524E-1
1,367383E+2	-2,263165E-1
1,365166E+2	-2,270834E-1
1,362753E+2	-2,278618E-1
1,359907E+2	-2,285279E-1
1,357405E+2	-2,292804E-1
1,355080E+2	-2,300716E-1
1,353084E+2	-2,308807E-1
1,350756E+2	-2,315987E-1
1,348499E+2	-2,323892E-1
1,345773E+2	-2,332415E-1
1,343262E+2	-2,339119E-1
1,341108E+2	-2,345841E-1
1,339156E+2	-2,352473E-1
1,336870E+2	-2,360220E-1
1,334546E+2	-2,367323E-1
1,331897E+2	-2,374415E-1
1,329489E+2	-2,381858E-1
1,327495E+2	-2,389184E-1
1,325272E+2	-2,396242E-1
1,323549E+2	-2,402725E-1
1,321300E+2	-2,409875E-1
1,318689E+2	-2,416764E-1
1,316272E+2	-2,423515E-1
1,314148E+2	-2,429973E-1
1,312025E+2	-2,437142E-1
1,310262E+2	-2,443887E-1
1,308029E+2	-2,450540E-1
1,305539E+2	-2,457194E-1
1,303217E+2	-2,464147E-1
1,301135E+2	-2,471210E-1
1,299230E+2	-2,477521E-1
1,297313E+2	-2,484363E-1
1,295239E+2	-2,491426E-1
1,292810E+2	-2,499829E-1
1,290564E+2	-2,507132E-1
1,288575E+2	-2,514172E-1
1,286818E+2	-2,520752E-1
1,285000E+2	-2,527211E-1
1,282953E+2	-2,534147E-1
1,280456E+2	-2,540503E-1
1,278160E+2	-2,546466E-1
1,276195E+2	-2,552617E-1
1,274327E+2	-2,558981E-1
1,272696E+2	-2,565088E-1
1,270553E+2	-2,571211E-1
1,268164E+2	-2,576805E-1
1,265988E+2	-2,582685E-1
1,263859E+2	-2,589275E-1
1,262082E+2	-2,595514E-1
1,260448E+2	-2,601358E-1
1,258465E+2	-2,607775E-1
1,256152E+2	-2,615055E-1
1,253965E+2	-2,621647E-1
1,252031E+2	-2,627531E-1
1,250557E+2	-2,634179E-1
1,248690E+2	-2,640154E-1
1,246977E+2	-2,646243E-1
1,244535E+2	-2,653171E-1
1,242228E+2	-2,659961E-1
1,240344E+2	-2,665821E-1
1,238752E+2	-2,670894E-1
1,236870E+2	-2,676889E-1
1,235079E+2	-2,682714E-1
1,232766E+2	-2,688119E-1
1,230652E+2	-2,694571E-1
1,228917E+2	-2,700694E-1
1,227489E+2	-2,706526E-1
1,225914E+2	-2,712088E-1
1,224103E+2	-2,718330E-1
1,221940E+2	-2,724799E-1
1,219637E+2	-2,730763E-1
1,217695E+2	-2,736691E-1
1,215878E+2	-2,742533E-1
1,214470E+2	-2,747261E-1
1,212831E+2	-2,752266E-1
1,210729E+2	-2,757266E-1
1,208614E+2	-2,762461E-1
1,206835E+2	-2,767496E-1
1,205312E+2	-2,772979E-1
1,203552E+2	-2,778836E-1
1,202195E+2	-2,785330E-1
1,200142E+2	-2,791755E-1
1,197979E+2	-2,797269E-1
1,196340E+2	-2,803027E-1
1,194719E+2	-2,808775E-1
1,193263E+2	-2,814680E-1
1,191628E+2	-2,819708E-1
1,189727E+2	-2,825236E-1
1,187571E+2	-2,830236E-1
1,185833E+2	-2,834406E-1
1,184227E+2	-2,838986E-1
1,182973E+2	-2,844099E-1
1,181231E+2	-2,849757E-1
1,179352E+2	-2,855184E-1
1,177243E+2	-2,861174E-1
1,175400E+2	-2,866680E-1
1,173852E+2	-2,871740E-1
1,172589E+2	-2,876649E-1
1,170955E+2	-2,882269E-1
1,169149E+2	-2,887580E-1
1,167179E+2	-2,893328E-1
1,165457E+2	-2,898561E-1
1,164169E+2	-2,903028E-1
1,162493E+2	-2,908226E-1
1,161259E+2	-2,913662E-1
1,159469E+2	-2,919240E-1
1,157457E+2	-2,923873E-1
1,155644E+2	-2,929146E-1
1,154327E+2	-2,932506E-1
1,152775E+2	-2,933555E-1
1,151590E+2	-2,936319E-1
1,149814E+2	-2,940815E-1
1,147945E+2	-2,943197E-1
1,146267E+2	-2,944703E-1
1,144953E+2	-2,948519E-1
1,140465E+2	-2,962210E-1
1,138398E+2	-2,967609E-1
1,136788E+2	-2,972000E-1
1,135306E+2	-2,976188E-1
1,134108E+2	-2,981975E-1
1,132779E+2	-2,985819E-1
1,131295E+2	-2,990172E-1
1,129329E+2	-2,995816E-1
1,127654E+2	-3,000757E-1
1,126318E+2	-3,005028E-1
1,125008E+2	-3,009460E-1
1,123847E+2	-3,015523E-1
1,122333E+2	-3,020040E-1
1,120439E+2	-3,024566E-1
1,118852E+2	-3,028661E-1
1,117607E+2	-3,032766E-1
1,116187E+2	-3,036810E-1
1,115319E+2	-3,041506E-1
1,113684E+2	-3,046009E-1
1,111781E+2	-3,050206E-1
1,110217E+2	-3,054257E-1
1,108677E+2	-3,058483E-1
1,107517E+2	-3,063056E-1
1,106222E+2	-3,067957E-1
1,104953E+2	-3,072282E-1
1,102971E+2	-3,077390E-1
1,101378E+2	-3,081720E-1
1,100034E+2	-3,085754E-1
1,099152E+2	-3,090539E-1
1,097834E+2	-3,094650E-1
1,096622E+2	-3,098932E-1
1,094681E+2	-3,103659E-1
1,093073E+2	-3,108293E-1
1,091720E+2	-3,113043E-1
1,090799E+2	-3,117093E-1
1,089577E+2	-3,121648E-1
1,088305E+2	-3,126097E-1
1,086524E+2	-3,130127E-1
1,084880E+2	-3,134801E-1
1,083852E+2	-3,138262E-1
1,082512E+2	-3,141512E-1
1,081625E+2	-3,145656E-1
1,080399E+2	-3,150204E-1
1,078829E+2	-3,153850E-1
1,077158E+2	-3,157511E-1
1,075828E+2	-3,162170E-1
1,074681E+2	-3,166072E-1
1,073747E+2	-3,169943E-1
1,072539E+2	-3,174812E-1
1,070777E+2	-3,178069E-1
1,069154E+2	-3,181747E-1
1,067910E+2	-3,185009E-1
1,066934E+2	-3,189393E-1
1,065881E+2	-3,193081E-1
1,064789E+2	-3,196425E-1
1,063098E+2	-3,200894E-1
1,061424E+2	-3,205171E-1
1,060195E+2	-3,209282E-1
1,059193E+2	-3,213317E-1
1,058273E+2	-3,216795E-1
1,057194E+2	-3,221336E-1
1,055646E+2	-3,225015E-1
1,053940E+2	-3,228175E-1
1,052883E+2	-3,231789E-1
1,051830E+2	-3,235629E-1
1,051090E+2	-3,238796E-1
1,049930E+2	-3,242353E-1
1,048573E+2	-3,244944E-1
1,046850E+2	-3,233994E-1
1,045555E+2	-3,232292E-1
1,044698E+2	-3,234153E-1
1,043896E+2	-3,237543E-1
1,042802E+2	-3,240286E-1
1,041317E+2	-3,244124E-1
1,039803E+2	-3,246995E-1
1,038612E+2	-3,250683E-1
1,037828E+2	-3,253897E-1
1,036811E+2	-3,257331E-1
1,036166E+2	-3,261279E-1
1,034611E+2	-3,264730E-1
1,033074E+2	-3,267699E-1
1,031864E+2	-3,270836E-1
1,030934E+2	-3,274365E-1
1,029881E+2	-3,277383E-1
1,029045E+2	-3,281309E-1
1,027642E+2	-3,285315E-1
1,026149E+2	-3,288745E-1
1,025104E+2	-3,291763E-1
1,024181E+2	-3,295311E-1
1,022500E+2	-3,302662E-1
1,021311E+2	-3,306455E-1
1,019737E+2	-3,309828E-1
1,018565E+2	-3,313201E-1
1,017659E+2	-3,315936E-1
1,016950E+2	-3,319637E-1
1,016148E+2	-3,322747E-1
1,014919E+2	-3,326438E-1
1,013343E+2	-3,330246E-1
1,012212E+2	-3,332992E-1
1,011374E+2	-3,335947E-1
1,010395E+2	-3,339470E-1
1,010009E+2	-3,342496E-1
1,008679E+2	-3,345110E-1
1,007104E+2	-3,348629E-1
1,006030E+2	-3,351521E-1
1,005010E+2	-3,354815E-1
1,004235E+2	-3,358667E-1
1,003475E+2	-3,361916E-1
1,002423E+2	-3,364600E-1
1,000800E+2	-3,367237E-1
9,997328E+1	-3,369721E-1
9,987886E+1	-3,372702E-1
9,983094E+1	-3,376116E-1
9,973935E+1	-3,379017E-1
9,964485E+1	-3,382066E-1
9,948787E+1	-3,384987E-1
9,937517E+1	-3,388454E-1
9,930147E+1	-3,391333E-1
9,924694E+1	-3,394255E-1
9,916128E+1	-3,396535E-1
9,906169E+1	-3,398605E-1
9,890785E+1	-3,400784E-1
9,879314E+1	-3,403040E-1
9,872292E+1	-3,406225E-1
9,863180E+1	-3,410481E-1
9,859204E+1	-3,412504E-1
9,848569E+1	-3,415469E-1
9,835514E+1	-3,418075E-1
9,823078E+1	-3,420867E-1
9,814492E+1	-3,424270E-1
9,806505E+1	-3,427021E-1
9,802543E+1	-3,429857E-1
9,793129E+1	-3,433131E-1
9,768756E+1	-3,438965E-1
9,760181E+1	-3,441214E-1
9,754497E+1	-3,443952E-1
9,748065E+1	-3,446955E-1
9,739365E+1	-3,449815E-1
9,725863E+1	-3,452867E-1
9,713735E+1	-3,454969E-1
9,705161E+1	-3,457660E-1
9,699862E+1	-3,460299E-1
9,694360E+1	-3,463336E-1
9,687189E+1	-3,465252E-1
9,673684E+1	-3,467571E-1
9,661880E+1	-3,469800E-1
9,654163E+1	-3,472105E-1
9,647291E+1	-3,474206E-1
9,643927E+1	-3,476568E-1
9,634729E+1	-3,479537E-1
9,621458E+1	-3,482032E-1
9,609960E+1	-3,484973E-1
9,600771E+1	-3,487994E-1
9,595359E+1	-3,490768E-1
9,591953E+1	-3,493436E-1
9,584082E+1	-3,495609E-1
9,570402E+1	-3,498781E-1
9,559736E+1	-3,501597E-1
9,550839E+1	-3,504102E-1
9,547654E+1	-3,506335E-1
9,540656E+1	-3,509000E-1
9,536109E+1	-3,511277E-1
9,522023E+1	-3,513800E-1
9,510576E+1	-3,515273E-1
9,503164E+1	-3,517809E-1
9,498970E+1	-3,520861E-1
9,492560E+1	-3,523274E-1
9,486967E+1	-3,525369E-1
9,474287E+1	-3,527419E-1
9,463443E+1	-3,530667E-1
9,456788E+1	-3,532305E-1
9,451120E+1	-3,534194E-1
9,447511E+1	-3,536834E-1
9,441324E+1	-3,538891E-1
9,431300E+1	-3,542019E-1
9,417965E+1	-3,544421E-1
9,409784E+1	-3,546806E-1
9,403500E+1	-3,548407E-1
9,401265E+1	-3,550719E-1
9,395833E+1	-3,552797E-1
9,385417E+1	-3,554988E-1
9,373015E+1	-3,556578E-1
9,364665E+1	-3,558876E-1
9,360488E+1	-3,561140E-1
9,353425E+1	-3,563407E-1
9,351760E+1	-3,565957E-1
9,340729E+1	-3,567489E-1
9,329143E+1	-3,569173E-1
9,320662E+1	-3,571507E-1
9,315334E+1	-3,573302E-1
9,311712E+1	-3,575726E-1
9,306941E+1	-3,578840E-1
9,298165E+1	-3,580962E-1
9,285362E+1	-3,582364E-1
9,278432E+1	-3,583820E-1
9,272047E+1	-3,586271E-1
9,271126E+1	-3,588332E-1
9,265097E+1	-3,590843E-1
9,255660E+1	-3,592564E-1
9,243566E+1	-3,594629E-1
9,236112E+1	-3,596620E-1
9,230577E+1	-3,596136E-1
9,227595E+1	-3,595262E-1
9,216110E+1	-3,598692E-1
9,202859E+1	-3,601307E-1
9,194992E+1	-3,603572E-1
9,189015E+1	-3,605479E-1
9,189598E+1	-3,607556E-1
9,184166E+1	-3,609386E-1
9,176363E+1	-3,610681E-1
9,164102E+1	-3,612660E-1
9,155773E+1	-3,614602E-1
9,151266E+1	-3,617115E-1
9,147890E+1	-3,619087E-1
9,145667E+1	-3,620681E-1
9,138401E+1	-3,622483E-1
9,125468E+1	-3,624308E-1
9,117737E+1	-3,626690E-1
9,113409E+1	-3,628953E-1
9,109678E+1	-3,630600E-1
9,108131E+1	-3,631947E-1
9,100674E+1	-3,633573E-1
9,090579E+1	-3,635289E-1
9,079812E+1	-3,637140E-1
9,077513E+1	-3,639193E-1
9,072549E+1	-3,640484E-1
9,071065E+1	-3,642300E-1
9,064340E+1	-3,644205E-1
9,054318E+1	-3,646417E-1
9,044706E+1	-3,648437E-1
9,039559E+1	-3,649636E-1
9,035598E+1	-3,651025E-1
9,034336E+1	-3,653392E-1
9,028059E+1	-3,656138E-1
9,018258E+1	-3,657199E-1
9,009095E+1	-3,659781E-1
9,004014E+1	-3,663320E-1
9,001389E+1	-3,665698E-1
8,997974E+1	-3,667270E-1
8,993868E+1	-3,669261E-1
8,983495E+1	-3,670546E-1
8,974460E+1	-3,672327E-1
8,968097E+1	-3,673240E-1
8,967036E+1	-3,674319E-1
8,963206E+1	-3,676001E-1
8,959807E+1	-3,677510E-1
8,949572E+1	-3,679150E-1
8,939588E+1	-3,681241E-1
8,934369E+1	-3,682676E-1
8,934061E+1	-3,684012E-1
8,930546E+1	-3,686199E-1
8,927993E+1	-3,687774E-1
8,917067E+1	-3,689294E-1
8,908498E+1	-3,690571E-1
8,903622E+1	-3,691970E-1
8,901965E+1	-3,693726E-1
8,898424E+1	-3,695347E-1
8,894980E+1	-3,696866E-1
8,882504E+1	-3,698891E-1
8,873478E+1	-3,700392E-1
8,871108E+1	-3,701803E-1
8,866777E+1	-3,702869E-1
8,866111E+1	-3,704531E-1
8,862166E+1	-3,705635E-1
8,852867E+1	-3,707266E-1
8,843760E+1	-3,708985E-1
8,837271E+1	-3,710362E-1
8,835118E+1	-3,711555E-1
8,834524E+1	-3,713725E-1
8,831047E+1	-3,714881E-1
8,823127E+1	-3,716894E-1
8,812720E+1	-3,718067E-1
8,806966E+1	-3,719487E-1
8,807299E+1	-3,721350E-1
8,804092E+1	-3,722752E-1
8,802236E+1	-3,723922E-1
8,793274E+1	-3,725726E-1
8,782492E+1	-3,726712E-1
8,778445E+1	-3,728375E-1
8,776541E+1	-3,729853E-1
8,775348E+1	-3,730674E-1
8,772760E+1	-3,732665E-1
8,764644E+1	-3,733842E-1
8,754531E+1	-3,734834E-1
8,750831E+1	-3,736221E-1
8,747831E+1	-3,737695E-1
8,749356E+1	-3,739823E-1
8,745042E+1	-3,741094E-1
8,737523E+1	-3,743037E-1
8,727892E+1	-3,744164E-1
8,722544E+1	-3,745666E-1
8,718551E+1	-3,746598E-1
8,719538E+1	-3,747548E-1
8,717428E+1	-3,749050E-1
8,711184E+1	-3,750270E-1
8,700295E+1	-3,751398E-1
8,694366E+1	-3,752282E-1
8,692875E+1	-3,753515E-1
8,691613E+1	-3,754437E-1
8,690035E+1	-3,756106E-1
8,683355E+1	-3,757639E-1
8,674222E+1	-3,758432E-1
8,666487E+1	-3,759367E-1
8,666106E+1	-3,760296E-1
8,662502E+1	-3,760925E-1
8,663898E+1	-3,761587E-1
8,657637E+1	-3,763233E-1
8,647029E+1	-3,764306E-1
8,642596E+1	-3,761737E-1
8,638844E+1	-3,761003E-1
8,639440E+1	-3,761342E-1
8,637970E+1	-3,762882E-1
8,632458E+1	-3,763345E-1
8,623765E+1	-3,764645E-1
8,618768E+1	-3,766737E-1
8,615727E+1	-3,767396E-1
8,616493E+1	-3,768175E-1
8,615196E+1	-3,769563E-1
8,611541E+1	-3,770305E-1
8,600795E+1	-3,771403E-1
8,594299E+1	-3,772531E-1
8,592148E+1	-3,773414E-1
8,590948E+1	-3,774652E-1
8,591217E+1	-3,775375E-1
8,586736E+1	-3,776436E-1
8,576833E+1	-3,777721E-1
8,570894E+1	-3,778364E-1
8,569649E+1	-3,779437E-1
8,566555E+1	-3,780824E-1
8,569994E+1	-3,781771E-1
8,564619E+1	-3,782470E-1
8,557202E+1	-3,783423E-1
8,549940E+1	-3,784333E-1
8,546185E+1	-3,783473E-1
8,546258E+1	-3,781268E-1
8,546297E+1	-3,781789E-1
8,543380E+1	-3,782791E-1
8,532844E+1	-3,783110E-1
8,528011E+1	-3,784746E-1
8,524271E+1	-3,785725E-1
8,526829E+1	-3,786296E-1
8,524619E+1	-3,787389E-1
8,522787E+1	-3,788484E-1
8,512607E+1	-3,789528E-1
8,506585E+1	-3,790955E-1
8,503817E+1	-3,791967E-1
8,504951E+1	-3,792741E-1
8,503665E+1	-3,793671E-1
8,502206E+1	-3,794939E-1
8,491288E+1	-3,795606E-1
8,485092E+1	-3,796491E-1
8,485018E+1	-3,797313E-1
8,482143E+1	-3,798314E-1
8,483930E+1	-3,799077E-1
8,480819E+1	-3,800217E-1
8,473234E+1	-3,801269E-1
8,466440E+1	-3,802370E-1
8,462239E+1	-3,803592E-1
8,461772E+1	-3,803774E-1
8,463754E+1	-3,804803E-1
8,461821E+1	-3,805325E-1
8,452142E+1	-3,806791E-1
8,446639E+1	-3,807697E-1
8,442579E+1	-3,808241E-1
8,442564E+1	-3,810627E-1
8,442758E+1	-3,811104E-1
8,433115E+1	-3,812038E-1
8,426448E+1	-3,813267E-1
8,423902E+1	-3,814152E-1
8,424987E+1	-3,814994E-1
8,423736E+1	-3,815596E-1
8,423212E+1	-3,816226E-1
8,414512E+1	-3,817642E-1
8,408212E+1	-3,818282E-1
8,406028E+1	-3,818854E-1
8,405937E+1	-3,819114E-1
8,407005E+1	-3,820773E-1
8,405340E+1	-3,821503E-1
8,398986E+1	-3,822871E-1
8,390984E+1	-3,823217E-1
8,387157E+1	-3,824638E-1
8,386404E+1	-3,824876E-1
8,388858E+1	-3,826225E-1
8,387297E+1	-3,826512E-1
8,381007E+1	-3,827355E-1
8,373987E+1	-3,828276E-1
8,369843E+1	-3,829048E-1
8,371197E+1	-3,829492E-1
8,369564E+1	-3,829806E-1
8,370341E+1	-3,831089E-1
8,364005E+1	-3,831797E-1
8,356652E+1	-3,833207E-1
8,353835E+1	-3,834446E-1
8,352053E+1	-3,835112E-1
8,354784E+1	-3,835700E-1
8,348448E+1	-3,836219E-1
8,341282E+1	-3,837895E-1
8,337711E+1	-3,838345E-1
8,337117E+1	-3,838283E-1
8,335953E+1	-3,839403E-1
8,337398E+1	-3,839688E-1
8,331201E+1	-3,840737E-1
8,324333E+1	-3,841434E-1
8,322245E+1	-3,842370E-1
8,321471E+1	-3,842929E-1
8,323208E+1	-3,843562E-1
8,322098E+1	-3,844688E-1
8,318193E+1	-3,845482E-1
8,309188E+1	-3,846473E-1
8,305670E+1	-3,846848E-1
8,303367E+1	-3,847568E-1
8,307933E+1	-3,848037E-1
8,306733E+1	-3,848820E-1
8,304008E+1	-3,849683E-1
8,294147E+1	-3,849860E-1
8,290656E+1	-3,850885E-1
8,291847E+1	-3,851382E-1
8,289862E+1	-3,852412E-1
8,293003E+1	-3,852821E-1
8,289420E+1	-3,853598E-1
8,280407E+1	-3,854034E-1
8,276420E+1	-3,854643E-1
8,275472E+1	-3,855616E-1
8,275829E+1	-3,856000E-1
8,278441E+1	-3,856130E-1
8,275554E+1	-3,857321E-1
8,266663E+1	-3,858759E-1
8,263498E+1	-3,859142E-1
8,261076E+1	-3,858962E-1
8,263726E+1	-3,859953E-1
8,262974E+1	-3,860215E-1
8,261725E+1	-3,861242E-1
8,252332E+1	-3,862342E-1
8,248926E+1	-3,862882E-1
8,247110E+1	-3,863311E-1
8,250775E+1	-3,863613E-1
8,249807E+1	-3,863966E-1
8,249187E+1	-3,864273E-1
8,239695E+1	-3,864506E-1
8,235523E+1	-3,865154E-1
8,234511E+1	-3,866211E-1
8,235074E+1	-3,866591E-1
8,237059E+1	-3,866927E-1
8,235731E+1	-3,867372E-1
8,227587E+1	-3,867662E-1
8,221416E+1	-3,867911E-1
8,221960E+1	-3,868664E-1
8,220934E+1	-3,869507E-1
8,225430E+1	-3,870513E-1
8,223516E+1	-3,870743E-1
8,218062E+1	-3,871154E-1
8,211230E+1	-3,872566E-1
8,208746E+1	-3,872617E-1
8,209127E+1	-3,872815E-1
8,211884E+1	-3,873807E-1
8,210579E+1	-3,872897E-1
8,204088E+1	-3,872096E-1
8,198739E+1	-3,872722E-1
8,196799E+1	-3,872500E-1
8,198867E+1	-3,873049E-1
8,198210E+1	-3,873576E-1
8,198781E+1	-3,874148E-1
8,191802E+1	-3,874980E-1
8,185776E+1	-3,876625E-1
8,184235E+1	-3,878579E-1
8,187171E+1	-3,879537E-1
8,186972E+1	-3,880428E-1
8,187726E+1	-3,880616E-1
8,179669E+1	-3,881153E-1
8,174558E+1	-3,882321E-1
8,173786E+1	-3,882461E-1
8,175153E+1	-3,882441E-1
8,177635E+1	-3,882790E-1
8,176630E+1	-3,883680E-1
8,170192E+1	-3,883958E-1
8,163737E+1	-3,884883E-1
8,161942E+1	-3,885390E-1
8,161280E+1	-3,885999E-1
8,166488E+1	-3,886546E-1
8,153907E+1	-3,888120E-1
8,150880E+1	-3,888071E-1
8,150780E+1	-3,888819E-1
8,155166E+1	-3,888732E-1
8,154770E+1	-3,889483E-1
8,149613E+1	-3,890079E-1
8,143569E+1	-3,890559E-1
8,140602E+1	-3,890834E-1
8,143174E+1	-3,891059E-1
8,142407E+1	-3,891480E-1
8,144483E+1	-3,892119E-1
8,139345E+1	-3,892572E-1
8,133660E+1	-3,893495E-1
8,129528E+1	-3,893911E-1
8,133244E+1	-3,893890E-1
8,132123E+1	-3,894195E-1
8,135217E+1	-3,894339E-1
8,129383E+1	-3,892057E-1
8,124090E+1	-3,891312E-1
8,122063E+1	-3,891017E-1
8,121983E+1	-3,891550E-1
8,123664E+1	-3,891479E-1
8,124352E+1	-3,892251E-1
8,118963E+1	-3,892348E-1
8,113262E+1	-3,893493E-1
8,110915E+1	-3,893540E-1
8,110324E+1	-3,894108E-1
8,114349E+1	-3,894953E-1
8,115267E+1	-3,895388E-1
8,112589E+1	-3,894547E-1
8,105174E+1	-3,895066E-1
8,101653E+1	-3,896016E-1
8,102727E+1	-3,896142E-1
8,104472E+1	-3,896655E-1
8,106422E+1	-3,896996E-1
8,098115E+1	-3,897647E-1
8,092028E+1	-3,898289E-1
8,093997E+1	-3,898262E-1
8,093621E+1	-3,899350E-1
8,098709E+1	-3,899519E-1
8,095611E+1	-3,899815E-1
8,090247E+1	-3,900182E-1
8,085688E+1	-3,900640E-1
8,084365E+1	-3,901305E-1
8,087846E+1	-3,901849E-1
8,088485E+1	-3,901657E-1
8,087541E+1	-3,901690E-1
8,078319E+1	-3,902373E-1
8,076120E+1	-3,902877E-1
8,075367E+1	-3,902683E-1
8,080101E+1	-3,903177E-1
8,079910E+1	-3,903306E-1
8,079968E+1	-3,903872E-1
8,071107E+1	-3,904401E-1
8,067841E+1	-3,904571E-1
8,067866E+1	-3,904513E-1
8,071395E+1	-3,904665E-1
8,072077E+1	-3,905581E-1
8,071517E+1	-3,905542E-1
8,063823E+1	-3,906123E-1
8,059032E+1	-3,906490E-1
8,060572E+1	-3,907181E-1
8,060062E+1	-3,907337E-1
8,065421E+1	-3,907072E-1
8,063623E+1	-3,907791E-1
8,058745E+1	-3,908366E-1
8,052927E+1	-3,908446E-1
8,051840E+1	-3,909447E-1
8,052195E+1	-3,909922E-1
8,056111E+1	-3,910744E-1
8,054766E+1	-3,910750E-1
