7,870044E+1	-3,782671E-1
7,871730E+1	-3,782598E-1
7,876310E+1	-3,782605E-1
7,874959E+1	-3,782040E-1
7,870504E+1	-3,781814E-1
7,865622E+1	-3,782196E-1
7,867713E+1	-3,782584E-1
7,868400E+1	-3,781809E-1
7,874170E+1	-3,781535E-1
7,873201E+1	-3,782785E-1
7,869078E+1	-3,782847E-1
7,865656E+1	-3,782355E-1
7,865881E+1	-3,782579E-1
7,868723E+1	-3,782916E-1
7,871171E+1	-3,782511E-1
7,870673E+1	-3,782249E-1
7,866269E+1	-3,782504E-1
7,863379E+1	-3,782611E-1
7,863580E+1	-3,782824E-1
7,869693E+1	-3,782910E-1
7,871164E+1	-3,783662E-1
7,872659E+1	-3,784386E-1
7,865586E+1	-3,797209E-1
7,863313E+1	-3,799684E-1
7,863657E+1	-3,811024E-1
7,866457E+1	-3,828602E-1
7,867161E+1	-3,842538E-1
7,869518E+1	-3,847343E-1
7,864895E+1	-3,836343E-1
7,866741E+1	-3,844036E-1
7,876617E+1	-3,757240E-1
7,889079E+1	-3,712478E-1
7,907155E+1	-3,753454E-1
7,919608E+1	-3,773261E-1
7,928754E+1	-3,778582E-1
7,935237E+1	-3,781605E-1
7,945281E+1	-3,783465E-1
7,957284E+1	-3,782667E-1
7,966752E+1	-3,787370E-1
7,976889E+1	-3,793582E-1
7,980345E+1	-3,783691E-1
7,987002E+1	-3,442852E-1
7,990579E+1	-3,503453E-1
7,996956E+1	-3,702952E-1
8,001022E+1	-3,782440E-1
8,006938E+1	-3,799445E-1
8,003905E+1	-3,801614E-1
8,001334E+1	-3,802177E-1
8,002767E+1	-3,799296E-1
8,008542E+1	-3,796818E-1
8,012630E+1	-3,795716E-1
8,017067E+1	-3,794635E-1
8,013085E+1	-3,793179E-1
8,011877E+1	-3,793058E-1
8,014650E+1	-3,792211E-1
8,018903E+1	-3,792150E-1
8,024996E+1	-3,791619E-1
8,024931E+1	-3,789892E-1
8,022371E+1	-3,788986E-1
8,022965E+1	-3,788676E-1
8,026556E+1	-3,789555E-1
8,034470E+1	-3,788869E-1
8,037248E+1	-3,788486E-1
8,037374E+1	-3,787692E-1
8,032261E+1	-3,787721E-1
8,032678E+1	-3,787843E-1
8,038236E+1	-3,787263E-1
8,041008E+1	-3,787012E-1
8,045652E+1	-3,786490E-1
8,043237E+1	-3,786235E-1
8,039886E+1	-3,786228E-1
8,039231E+1	-3,785958E-1
8,044711E+1	-3,785685E-1
8,048990E+1	-3,785572E-1
8,053407E+1	-3,785063E-1
8,052599E+1	-3,784128E-1
8,047172E+1	-3,784264E-1
8,048719E+1	-3,784069E-1
8,050483E+1	-3,783670E-1
8,056115E+1	-3,783181E-1
8,060154E+1	-3,783263E-1
8,058555E+1	-3,782872E-1
8,054610E+1	-3,782463E-1
8,055399E+1	-3,782017E-1
8,057272E+1	-3,782183E-1
8,062854E+1	-3,781544E-1
8,066315E+1	-3,781008E-1
8,066601E+1	-3,780627E-1
8,061488E+1	-3,780758E-1
8,060945E+1	-3,780832E-1
8,063543E+1	-3,780339E-1
8,068660E+1	-3,780168E-1
8,071881E+1	-3,780413E-1
8,071717E+1	-3,780124E-1
8,066887E+1	-3,780074E-1
8,066748E+1	-3,780200E-1
8,070864E+1	-3,779789E-1
8,072367E+1	-3,779210E-1
8,079002E+1	-3,779468E-1
8,077627E+1	-3,779214E-1
8,074485E+1	-3,778772E-1
8,072661E+1	-3,778022E-1
8,075188E+1	-3,777161E-1
8,077772E+1	-3,777813E-1
8,083927E+1	-3,777933E-1
8,082527E+1	-3,777291E-1
8,079671E+1	-3,776407E-1
8,079038E+1	-3,776617E-1
8,080235E+1	-3,776110E-1
8,085284E+1	-3,775821E-1
8,088243E+1	-3,775910E-1
8,088302E+1	-3,775552E-1
8,084349E+1	-3,775389E-1
8,083106E+1	-3,775138E-1
8,084345E+1	-3,774709E-1
8,091455E+1	-3,774629E-1
8,093637E+1	-3,774479E-1
8,096145E+1	-3,774170E-1
8,089759E+1	-3,774125E-1
8,088205E+1	-3,774309E-1
8,091816E+1	-3,773832E-1
8,094552E+1	-3,772970E-1
8,099622E+1	-3,772757E-1
8,100071E+1	-3,772344E-1
8,097514E+1	-3,772013E-1
8,093550E+1	-3,771738E-1
8,095829E+1	-3,771071E-1
8,098105E+1	-3,770974E-1
8,104381E+1	-3,770611E-1
8,105314E+1	-3,770351E-1
8,102505E+1	-3,770484E-1
8,099322E+1	-3,770522E-1
8,100205E+1	-3,770242E-1
8,104990E+1	-3,769487E-1
8,107697E+1	-3,769449E-1
8,110751E+1	-3,768905E-1
8,106961E+1	-3,769005E-1
8,103548E+1	-3,768776E-1
8,104537E+1	-3,768470E-1
8,109668E+1	-3,767356E-1
8,113696E+1	-3,767078E-1
8,115995E+1	-3,766487E-1
8,112395E+1	-3,766527E-1
8,108339E+1	-3,766833E-1
8,110338E+1	-3,766755E-1
8,113192E+1	-3,765721E-1
8,119394E+1	-3,764879E-1
8,121444E+1	-3,764760E-1
8,117381E+1	-3,764330E-1
8,113385E+1	-3,764085E-1
8,114782E+1	-3,763895E-1
8,116816E+1	-3,763805E-1
8,124435E+1	-3,762611E-1
8,126145E+1	-3,762247E-1
8,125314E+1	-3,761744E-1
8,119750E+1	-3,762033E-1
8,119556E+1	-3,761225E-1
8,124913E+1	-3,760513E-1
8,128033E+1	-3,760096E-1
8,131434E+1	-3,759530E-1
8,129884E+1	-3,759759E-1
8,123949E+1	-3,759497E-1
8,123909E+1	-3,758232E-1
8,129494E+1	-3,757726E-1
8,133083E+1	-3,758228E-1
8,136593E+1	-3,758311E-1
8,135149E+1	-3,757124E-1
8,129533E+1	-3,756248E-1
8,131333E+1	-3,755935E-1
8,133597E+1	-3,755783E-1
8,138379E+1	-3,755260E-1
8,141719E+1	-3,754395E-1
8,139844E+1	-3,753827E-1
8,134054E+1	-3,752970E-1
8,136604E+1	-3,752601E-1
8,138539E+1	-3,752074E-1
8,145074E+1	-3,750963E-1
8,147518E+1	-3,750597E-1
8,148491E+1	-3,750774E-1
8,141662E+1	-3,750364E-1
8,144181E+1	-3,749167E-1
8,149837E+1	-3,748842E-1
8,152694E+1	-3,748374E-1
8,151365E+1	-3,747746E-1
8,147194E+1	-3,747012E-1
8,147233E+1	-3,745616E-1
8,151596E+1	-3,744842E-1
8,153389E+1	-3,744991E-1
8,159391E+1	-3,744621E-1
8,157630E+1	-3,743472E-1
8,154647E+1	-3,742837E-1
8,153309E+1	-3,742534E-1
8,157284E+1	-3,741897E-1
8,159535E+1	-3,741489E-1
8,165147E+1	-3,741222E-1
8,163190E+1	-3,741621E-1
8,160782E+1	-3,741093E-1
8,160585E+1	-3,740279E-1
8,162421E+1	-3,739472E-1
8,167584E+1	-3,738653E-1
8,170437E+1	-3,737591E-1
8,169892E+1	-3,736733E-1
8,166798E+1	-3,736043E-1
8,165439E+1	-3,735467E-1
8,166744E+1	-3,734643E-1
8,173642E+1	-3,734268E-1
8,177705E+1	-3,733987E-1
8,178266E+1	-3,733392E-1
8,173740E+1	-3,732720E-1
8,172033E+1	-3,731678E-1
8,175240E+1	-3,731348E-1
8,178712E+1	-3,730882E-1
8,184914E+1	-3,730389E-1
8,185212E+1	-3,729243E-1
8,182245E+1	-3,727766E-1
8,178650E+1	-3,727385E-1
8,180875E+1	-3,726733E-1
8,183563E+1	-3,725991E-1
8,190890E+1	-3,726073E-1
8,191995E+1	-3,724991E-1
8,186800E+1	-3,724233E-1
8,186296E+1	-3,723423E-1
8,186805E+1	-3,722654E-1
8,193437E+1	-3,721774E-1
8,196466E+1	-3,720655E-1
8,199043E+1	-3,720565E-1
8,193423E+1	-3,720069E-1
8,192343E+1	-3,719305E-1
8,193648E+1	-3,719082E-1
8,200604E+1	-3,718211E-1
8,203245E+1	-3,717832E-1
8,206592E+1	-3,717176E-1
8,201018E+1	-3,715990E-1
8,199505E+1	-3,714790E-1
8,202000E+1	-3,714018E-1
8,206262E+1	-3,712908E-1
8,211804E+1	-3,712121E-1
8,212895E+1	-3,711337E-1
8,211211E+1	-3,710886E-1
8,207352E+1	-3,710240E-1
8,208804E+1	-3,709474E-1
8,211635E+1	-3,708795E-1
8,218454E+1	-3,707720E-1
8,220838E+1	-3,707092E-1
8,218390E+1	-3,706392E-1
8,215524E+1	-3,705735E-1
8,216052E+1	-3,704308E-1
8,221275E+1	-3,703530E-1
8,224288E+1	-3,702525E-1
8,228649E+1	-3,701988E-1
8,226027E+1	-3,701746E-1
8,223256E+1	-3,700600E-1
8,223828E+1	-3,700315E-1
8,229088E+1	-3,699577E-1
8,233655E+1	-3,698823E-1
8,236985E+1	-3,698053E-1
8,234515E+1	-3,697275E-1
8,230349E+1	-3,696200E-1
8,233180E+1	-3,695518E-1
8,235804E+1	-3,694950E-1
8,243167E+1	-3,693394E-1
8,245185E+1	-3,692653E-1
8,242939E+1	-3,692230E-1
8,239330E+1	-3,690943E-1
8,240138E+1	-3,690420E-1
8,242960E+1	-3,690071E-1
8,251029E+1	-3,688889E-1
8,253663E+1	-3,688122E-1
8,253888E+1	-3,686901E-1
8,248648E+1	-3,685514E-1
8,248850E+1	-3,685076E-1
8,253354E+1	-3,684585E-1
8,257942E+1	-3,683436E-1
8,262026E+1	-3,682747E-1
8,259638E+1	-3,681738E-1
8,256862E+1	-3,681104E-1
8,256351E+1	-3,680307E-1
8,261929E+1	-3,678805E-1
8,266617E+1	-3,678321E-1
8,271332E+1	-3,676851E-1
8,270845E+1	-3,676303E-1
8,266062E+1	-3,675792E-1
8,267816E+1	-3,674589E-1
8,269799E+1	-3,673774E-1
8,276162E+1	-3,672838E-1
8,280039E+1	-3,672264E-1
8,279641E+1	-3,671497E-1
8,274075E+1	-3,669850E-1
8,276340E+1	-3,668731E-1
8,278939E+1	-3,668404E-1
8,286568E+1	-3,667904E-1
8,289533E+1	-3,667231E-1
8,291535E+1	-3,665942E-1
8,284640E+1	-3,665111E-1
8,285324E+1	-3,664292E-1
8,288801E+1	-3,663043E-1
8,295664E+1	-3,661863E-1
8,298947E+1	-3,661432E-1
8,299674E+1	-3,661657E-1
8,295256E+1	-3,659978E-1
8,294694E+1	-3,658907E-1
8,299296E+1	-3,657979E-1
8,301642E+1	-3,657397E-1
8,310194E+1	-3,656379E-1
8,309644E+1	-3,655194E-1
8,307407E+1	-3,654541E-1
8,305536E+1	-3,653918E-1
8,307621E+1	-3,653278E-1
8,312535E+1	-3,652414E-1
8,318332E+1	-3,651673E-1
8,319717E+1	-3,650345E-1
8,316218E+1	-3,649545E-1
8,316217E+1	-3,648622E-1
8,317605E+1	-3,647624E-1
8,323736E+1	-3,647179E-1
8,328566E+1	-3,646464E-1
8,330393E+1	-3,645246E-1
8,326576E+1	-3,643769E-1
8,325244E+1	-3,642657E-1
8,327515E+1	-3,641724E-1
8,333734E+1	-3,641021E-1
8,338522E+1	-3,639890E-1
8,341053E+1	-3,639021E-1
8,336950E+1	-3,637750E-1
8,335786E+1	-3,637050E-1
8,339375E+1	-3,636330E-1
8,343261E+1	-3,635263E-1
8,350872E+1	-3,634265E-1
8,352050E+1	-3,633229E-1
8,350427E+1	-3,632732E-1
8,349869E+1	-3,631803E-1
8,348996E+1	-3,630739E-1
8,354063E+1	-3,630209E-1
8,361121E+1	-3,629598E-1
8,363592E+1	-3,628633E-1
8,358882E+1	-3,627890E-1
8,359098E+1	-3,626226E-1
8,360090E+1	-3,625208E-1
8,366124E+1	-3,624235E-1
8,371390E+1	-3,624105E-1
8,374963E+1	-3,622600E-1
8,372491E+1	-3,621000E-1
8,369369E+1	-3,620572E-1
8,371530E+1	-3,620233E-1
8,377657E+1	-3,619056E-1
8,382592E+1	-3,618175E-1
8,386528E+1	-3,617309E-1
8,383943E+1	-3,616164E-1
8,380972E+1	-3,615216E-1
8,384051E+1	-3,613873E-1
8,387702E+1	-3,613298E-1
8,394912E+1	-3,612601E-1
8,398058E+1	-3,611588E-1
8,395214E+1	-3,610471E-1
8,392763E+1	-3,609818E-1
8,395092E+1	-3,608842E-1
8,397988E+1	-3,608113E-1
8,406896E+1	-3,606837E-1
8,410129E+1	-3,605943E-1
8,409832E+1	-3,605335E-1
8,405675E+1	-3,604579E-1
8,406638E+1	-3,603858E-1
8,412878E+1	-3,602583E-1
8,417383E+1	-3,601806E-1
8,421529E+1	-3,600537E-1
8,418886E+1	-3,599785E-1
8,416836E+1	-3,598732E-1
8,417475E+1	-3,597724E-1
8,424256E+1	-3,596743E-1
8,429267E+1	-3,595518E-1
8,433733E+1	-3,594516E-1
8,433782E+1	-3,594290E-1
8,428998E+1	-3,592919E-1
8,431942E+1	-3,592223E-1
8,435452E+1	-3,591226E-1
8,441636E+1	-3,589720E-1
8,446081E+1	-3,589235E-1
8,445784E+1	-3,588611E-1
8,440896E+1	-3,587765E-1
8,444561E+1	-3,586543E-1
8,447976E+1	-3,586037E-1
8,455623E+1	-3,584914E-1
8,459001E+1	-3,583965E-1
8,461271E+1	-3,583220E-1
8,455677E+1	-3,582270E-1
8,456647E+1	-3,580768E-1
8,460952E+1	-3,580099E-1
8,468388E+1	-3,579312E-1
8,471764E+1	-3,578875E-1
8,471237E+1	-3,577308E-1
8,468932E+1	-3,576145E-1
8,469238E+1	-3,575360E-1
8,475768E+1	-3,574530E-1
8,478228E+1	-3,573965E-1
8,485858E+1	-3,572556E-1
8,484830E+1	-3,571666E-1
8,483200E+1	-3,570610E-1
8,483778E+1	-3,569985E-1
8,487660E+1	-3,568825E-1
8,491944E+1	-3,568291E-1
8,497504E+1	-3,567231E-1
8,497731E+1	-3,566189E-1
8,495542E+1	-3,565380E-1
8,497103E+1	-3,564236E-1
8,499437E+1	-3,563618E-1
8,507692E+1	-3,562595E-1
8,511131E+1	-3,561635E-1
8,513569E+1	-3,560388E-1
8,508688E+1	-3,559476E-1
8,509860E+1	-3,559362E-1
8,512619E+1	-3,558054E-1
8,520882E+1	-3,557134E-1
8,524606E+1	-3,556669E-1
8,528109E+1	-3,555516E-1
8,522412E+1	-3,554352E-1
8,523748E+1	-3,553616E-1
8,528947E+1	-3,552583E-1
8,532311E+1	-3,551375E-1
8,540121E+1	-3,550094E-1
8,540750E+1	-3,549160E-1
8,538604E+1	-3,548584E-1
8,538403E+1	-3,547489E-1
8,540519E+1	-3,546198E-1
8,546178E+1	-3,545109E-1
8,553566E+1	-3,544901E-1
8,556349E+1	-3,543656E-1
8,552341E+1	-3,543498E-1
8,553232E+1	-3,542299E-1
8,554808E+1	-3,540771E-1
8,562468E+1	-3,539739E-1
8,566848E+1	-3,539837E-1
8,571015E+1	-3,539008E-1
8,566115E+1	-3,537560E-1
8,566603E+1	-3,536252E-1
8,568970E+1	-3,535479E-1
8,576934E+1	-3,534348E-1
8,580878E+1	-3,533543E-1
8,585429E+1	-3,532322E-1
8,581172E+1	-3,531735E-1
8,580972E+1	-3,530225E-1
8,584549E+1	-3,529717E-1
8,590194E+1	-3,529110E-1
8,596729E+1	-3,528168E-1
8,599249E+1	-3,527731E-1
8,598099E+1	-3,527007E-1
8,596156E+1	-3,525757E-1
8,598837E+1	-3,524798E-1
8,602761E+1	-3,523563E-1
8,610809E+1	-3,523089E-1
8,614205E+1	-3,522271E-1
8,613244E+1	-3,521383E-1
8,611666E+1	-3,520215E-1
8,613059E+1	-3,519055E-1
8,619539E+1	-3,518365E-1
8,624065E+1	-3,517214E-1
8,629462E+1	-3,516288E-1
8,628094E+1	-3,515044E-1
8,626700E+1	-3,513904E-1
8,627009E+1	-3,513187E-1
8,635537E+1	-3,512315E-1
8,639396E+1	-3,511116E-1
8,644822E+1	-3,510134E-1
8,642627E+1	-3,509357E-1
8,641698E+1	-3,508977E-1
8,644549E+1	-3,508093E-1
8,649805E+1	-3,506464E-1
8,655064E+1	-3,506045E-1
8,660079E+1	-3,504939E-1
8,657516E+1	-3,503931E-1
8,656446E+1	-3,502616E-1
8,659609E+1	-3,502013E-1
8,663378E+1	-3,501373E-1
8,676062E+1	-3,499627E-1
8,676179E+1	-3,498523E-1
8,673067E+1	-3,497590E-1
8,674756E+1	-3,497158E-1
8,680728E+1	-3,496414E-1
8,687013E+1	-3,495758E-1
8,691174E+1	-3,494316E-1
8,690584E+1	-3,492838E-1
8,689565E+1	-3,491234E-1
8,690167E+1	-3,490951E-1
8,697168E+1	-3,490388E-1
8,700458E+1	-3,489596E-1
8,708576E+1	-3,488798E-1
8,706718E+1	-3,487722E-1
8,705798E+1	-3,486677E-1
8,707257E+1	-3,485521E-1
8,711935E+1	-3,484973E-1
8,716129E+1	-3,483974E-1
8,722773E+1	-3,482771E-1
8,722153E+1	-3,482040E-1
8,720723E+1	-3,481146E-1
8,723517E+1	-3,480331E-1
8,727678E+1	-3,479277E-1
8,734524E+1	-3,478345E-1
8,739463E+1	-3,477988E-1
8,741615E+1	-3,476395E-1
8,737786E+1	-3,476480E-1
8,738815E+1	-3,475461E-1
8,743367E+1	-3,474294E-1
8,750148E+1	-3,473091E-1
8,754850E+1	-3,472034E-1
8,756635E+1	-3,471762E-1
8,753506E+1	-3,470712E-1
8,755527E+1	-3,469960E-1
8,761230E+1	-3,468732E-1
8,764893E+1	-3,467498E-1
8,772944E+1	-3,466175E-1
8,773320E+1	-3,464953E-1
8,772395E+1	-3,464877E-1
8,772443E+1	-3,464238E-1
8,776548E+1	-3,462741E-1
8,780939E+1	-3,461978E-1
8,788492E+1	-3,461264E-1
8,789323E+1	-3,460077E-1
8,788340E+1	-3,459495E-1
8,789525E+1	-3,458983E-1
8,791578E+1	-3,457907E-1
8,799625E+1	-3,457279E-1
8,804203E+1	-3,456550E-1
8,808214E+1	-3,455391E-1
8,803576E+1	-3,454531E-1
8,808204E+1	-3,452011E-1
8,817079E+1	-3,451173E-1
8,821032E+1	-3,450508E-1
8,825301E+1	-3,450403E-1
8,821250E+1	-3,448974E-1
8,822216E+1	-3,448148E-1
8,826134E+1	-3,446650E-1
8,831437E+1	-3,446544E-1
8,838557E+1	-3,445723E-1
8,842356E+1	-3,445155E-1
8,841399E+1	-3,444187E-1
8,840044E+1	-3,443116E-1
8,843891E+1	-3,442252E-1
8,848522E+1	-3,441185E-1
8,858002E+1	-3,440753E-1
8,861996E+1	-3,439564E-1
8,858494E+1	-3,438046E-1
8,860297E+1	-3,437414E-1
8,865749E+1	-3,435923E-1
8,873413E+1	-3,435245E-1
8,877285E+1	-3,434332E-1
8,876752E+1	-3,433940E-1
8,875636E+1	-3,433098E-1
8,878019E+1	-3,432172E-1
8,884813E+1	-3,430859E-1
8,889592E+1	-3,429889E-1
8,894910E+1	-3,429018E-1
8,893957E+1	-3,428669E-1
8,892968E+1	-3,427604E-1
8,893936E+1	-3,427035E-1
8,902826E+1	-3,425892E-1
8,907094E+1	-3,424799E-1
8,912654E+1	-3,423855E-1
8,910476E+1	-3,423345E-1
8,910112E+1	-3,421861E-1
8,913429E+1	-3,420867E-1
8,919461E+1	-3,420471E-1
8,925052E+1	-3,419739E-1
8,930290E+1	-3,418675E-1
8,930173E+1	-3,418098E-1
8,926379E+1	-3,416804E-1
8,931606E+1	-3,416243E-1
8,936291E+1	-3,415176E-1
8,943621E+1	-3,414252E-1
8,948065E+1	-3,413147E-1
8,948218E+1	-3,412218E-1
8,945660E+1	-3,411741E-1
8,948154E+1	-3,410993E-1
8,952490E+1	-3,410025E-1
8,961030E+1	-3,409556E-1
8,966072E+1	-3,408667E-1
8,967332E+1	-3,407759E-1
8,963948E+1	-3,407040E-1
8,965932E+1	-3,406273E-1
8,970947E+1	-3,404790E-1
8,978254E+1	-3,404368E-1
8,983844E+1	-3,403854E-1
8,984559E+1	-3,402604E-1
8,981927E+1	-3,401903E-1
8,983721E+1	-3,401435E-1
8,990549E+1	-3,400434E-1
8,997324E+1	-3,399543E-1
9,002877E+1	-3,398467E-1
9,004259E+1	-3,397615E-1
9,002092E+1	-3,396558E-1
9,001291E+1	-3,396398E-1
9,008974E+1	-3,395299E-1
9,012101E+1	-3,394291E-1
9,020643E+1	-3,393261E-1
9,021247E+1	-3,392346E-1
9,020046E+1	-3,391038E-1
9,020320E+1	-3,390420E-1
9,026061E+1	-3,390089E-1
9,030328E+1	-3,388994E-1
9,038019E+1	-3,388488E-1
9,039705E+1	-3,387491E-1
9,036783E+1	-3,386276E-1
9,039363E+1	-3,386204E-1
9,043306E+1	-3,385603E-1
9,049128E+1	-3,384569E-1
9,055368E+1	-3,383166E-1
9,056358E+1	-3,382481E-1
9,054582E+1	-3,381975E-1
9,058381E+1	-3,380931E-1
9,062313E+1	-3,380146E-1
9,069613E+1	-3,379347E-1
9,074726E+1	-3,378247E-1
9,078175E+1	-3,377454E-1
9,073758E+1	-3,376829E-1
9,076158E+1	-3,375891E-1
9,079932E+1	-3,374988E-1
9,087501E+1	-3,374658E-1
9,092558E+1	-3,373851E-1
9,096080E+1	-3,372825E-1
9,092386E+1	-3,372274E-1
9,093950E+1	-3,370942E-1
9,097705E+1	-3,370535E-1
9,105650E+1	-3,370079E-1
9,110945E+1	-3,369431E-1
9,115596E+1	-3,368493E-1
9,111373E+1	-3,367619E-1
9,112717E+1	-3,366352E-1
9,117585E+1	-3,366386E-1
9,123287E+1	-3,364405E-1
9,129605E+1	-3,363553E-1
9,134301E+1	-3,362999E-1
9,131757E+1	-3,362054E-1
9,131603E+1	-3,361550E-1
9,136427E+1	-3,361104E-1
9,142136E+1	-3,359657E-1
9,149443E+1	-3,358592E-1
9,153391E+1	-3,358042E-1
9,150958E+1	-3,357867E-1
9,149747E+1	-3,357177E-1
9,155111E+1	-3,356034E-1
9,159336E+1	-3,354828E-1
9,167784E+1	-3,353825E-1
9,171425E+1	-3,353147E-1
9,171646E+1	-3,352221E-1
9,170479E+1	-3,351888E-1
9,173071E+1	-3,350820E-1
9,178200E+1	-3,350128E-1
9,186951E+1	-3,349534E-1
9,191419E+1	-3,349071E-1
9,190017E+1	-3,348418E-1
9,189776E+1	-3,347637E-1
9,192051E+1	-3,346288E-1
9,198787E+1	-3,345900E-1
9,205869E+1	-3,345227E-1
9,210480E+1	-3,344557E-1
9,208327E+1	-3,343545E-1
9,209100E+1	-3,342799E-1
9,211292E+1	-3,341566E-1
9,218463E+1	-3,340504E-1
9,223577E+1	-3,339701E-1
9,229780E+1	-3,339225E-1
9,229353E+1	-3,338451E-1
9,228116E+1	-3,338581E-1
9,229803E+1	-3,337817E-1
9,238572E+1	-3,336694E-1
9,244492E+1	-3,335558E-1
9,249688E+1	-3,334728E-1
9,248651E+1	-3,334089E-1
9,248128E+1	-3,333190E-1
9,251390E+1	-3,332932E-1
9,257337E+1	-3,332502E-1
9,264161E+1	-3,331306E-1
9,269317E+1	-3,331193E-1
9,269285E+1	-3,329849E-1
9,268771E+1	-3,328829E-1
9,271634E+1	-3,327847E-1
9,276625E+1	-3,327408E-1
9,283187E+1	-3,326402E-1
9,288655E+1	-3,325677E-1
9,289836E+1	-3,324717E-1
9,286250E+1	-3,324584E-1
9,290778E+1	-3,323145E-1
9,294975E+1	-3,322693E-1
9,303420E+1	-3,321882E-1
9,311070E+1	-3,320331E-1
9,307274E+1	-3,319400E-1
9,309551E+1	-3,318382E-1
9,314939E+1	-3,318408E-1
9,322325E+1	-3,317489E-1
9,328026E+1	-3,316525E-1
9,329877E+1	-3,315956E-1
9,326975E+1	-3,315613E-1
9,329053E+1	-3,314683E-1
9,335605E+1	-3,313881E-1
9,341245E+1	-3,313353E-1
9,349209E+1	-3,312513E-1
9,349754E+1	-3,311380E-1
9,347212E+1	-3,310403E-1
9,349934E+1	-3,309715E-1
9,354046E+1	-3,309495E-1
9,360097E+1	-3,308578E-1
9,366846E+1	-3,307879E-1
9,369381E+1	-3,306498E-1
9,366122E+1	-3,306467E-1
9,369786E+1	-3,305766E-1
9,373400E+1	-3,304988E-1
9,381981E+1	-3,303808E-1
9,386584E+1	-3,302812E-1
9,389770E+1	-3,302641E-1
9,386516E+1	-3,302006E-1
9,388713E+1	-3,301126E-1
9,392883E+1	-3,300422E-1
9,401012E+1	-3,300038E-1
9,406428E+1	-3,298922E-1
9,408668E+1	-3,298552E-1
9,406609E+1	-3,298081E-1
9,408685E+1	-3,297132E-1
9,414657E+1	-3,296351E-1
9,418460E+1	-3,295377E-1
9,427223E+1	-3,294592E-1
9,429269E+1	-3,293800E-1
9,429330E+1	-3,292810E-1
9,429112E+1	-3,292181E-1
9,433429E+1	-3,291708E-1
9,438372E+1	-3,290563E-1
9,446562E+1	-3,290077E-1
9,449187E+1	-3,289699E-1
9,448547E+1	-3,288742E-1
9,449837E+1	-3,287723E-1
9,453031E+1	-3,286866E-1
9,460700E+1	-3,286668E-1
9,466331E+1	-3,286023E-1
9,470774E+1	-3,284890E-1
9,469719E+1	-3,284475E-1
9,469223E+1	-3,283328E-1
9,473116E+1	-3,282394E-1
9,479704E+1	-3,281280E-1
9,486246E+1	-3,280909E-1
9,491011E+1	-3,280206E-1
9,489332E+1	-3,279837E-1
9,489137E+1	-3,278947E-1
9,493937E+1	-3,278511E-1
9,499505E+1	-3,277824E-1
9,508223E+1	-3,276745E-1
9,511513E+1	-3,276100E-1
9,509940E+1	-3,274846E-1
9,510346E+1	-3,274627E-1
9,518840E+1	-3,273548E-1
9,527307E+1	-3,272541E-1
9,531933E+1	-3,271877E-1
9,531109E+1	-3,271214E-1
9,531151E+1	-3,270639E-1
9,533531E+1	-3,270587E-1
9,541362E+1	-3,269786E-1
9,546245E+1	-3,268774E-1
9,552109E+1	-3,268165E-1
9,551197E+1	-3,266968E-1
9,551079E+1	-3,266310E-1
9,554140E+1	-3,265616E-1
9,561789E+1	-3,264879E-1
9,566462E+1	-3,264214E-1
9,572037E+1	-3,263350E-1
9,570842E+1	-3,262098E-1
9,570955E+1	-3,262162E-1
9,575016E+1	-3,261778E-1
9,580059E+1	-3,261739E-1
9,586527E+1	-3,260950E-1
9,592775E+1	-3,259912E-1
9,592014E+1	-3,259632E-1
9,590763E+1	-3,258733E-1
9,594957E+1	-3,258255E-1
9,599658E+1	-3,257258E-1
9,608182E+1	-3,256125E-1
9,613573E+1	-3,255424E-1
9,615501E+1	-3,254782E-1
9,612659E+1	-3,254229E-1
9,614942E+1	-3,254464E-1
9,621684E+1	-3,253259E-1
9,628186E+1	-3,252486E-1
9,633610E+1	-3,251563E-1
9,634680E+1	-3,250794E-1
9,634289E+1	-3,250649E-1
9,634948E+1	-3,250099E-1
9,642541E+1	-3,249633E-1
9,648472E+1	-3,248162E-1
9,654603E+1	-3,247159E-1
9,656135E+1	-3,246574E-1
9,653816E+1	-3,246679E-1
9,657421E+1	-3,245421E-1
9,661334E+1	-3,244461E-1
9,669152E+1	-3,243981E-1
9,674524E+1	-3,242918E-1
9,676746E+1	-3,242959E-1
9,673363E+1	-3,242597E-1
9,677433E+1	-3,242097E-1
9,681980E+1	-3,241453E-1
9,690546E+1	-3,240614E-1
9,695245E+1	-3,240074E-1
9,697687E+1	-3,239517E-1
9,695280E+1	-3,239119E-1
9,698026E+1	-3,238229E-1
9,704671E+1	-3,237450E-1
9,710681E+1	-3,237291E-1
9,716529E+1	-3,235846E-1
9,718243E+1	-3,234322E-1
9,718092E+1	-3,234477E-1
9,717552E+1	-3,233899E-1
9,725329E+1	-3,233045E-1
9,729968E+1	-3,232347E-1
9,737923E+1	-3,232468E-1
9,739909E+1	-3,231894E-1
9,739317E+1	-3,231007E-1
9,740383E+1	-3,230573E-1
9,745135E+1	-3,230172E-1
9,750996E+1	-3,229668E-1
9,757258E+1	-3,228553E-1
9,759822E+1	-3,228276E-1
9,758907E+1	-3,227225E-1
9,761070E+1	-3,226739E-1
9,764487E+1	-3,226256E-1
9,773399E+1	-3,226196E-1
9,778170E+1	-3,225537E-1
9,782296E+1	-3,224076E-1
9,779354E+1	-3,223271E-1
9,781260E+1	-3,222198E-1
9,785294E+1	-3,222204E-1
9,793376E+1	-3,221254E-1
9,798705E+1	-3,221139E-1
9,803215E+1	-3,220422E-1
9,802029E+1	-3,220132E-1
9,802752E+1	-3,219440E-1
9,807112E+1	-3,218985E-1
9,812574E+1	-3,217817E-1
9,820548E+1	-3,217171E-1
9,824655E+1	-3,216500E-1
9,825439E+1	-3,215871E-1
9,823940E+1	-3,215591E-1
9,827007E+1	-3,215355E-1
9,831753E+1	-3,214280E-1
9,840624E+1	-3,213134E-1
9,845679E+1	-3,213411E-1
9,845854E+1	-3,213217E-1
9,845286E+1	-3,212048E-1
9,848203E+1	-3,211139E-1
9,855199E+1	-3,210739E-1
9,860008E+1	-3,210073E-1
9,866901E+1	-3,209324E-1
9,866932E+1	-3,209036E-1
9,865488E+1	-3,208696E-1
9,869526E+1	-3,207401E-1
9,875828E+1	-3,206386E-1
9,882237E+1	-3,205995E-1
9,887660E+1	-3,205772E-1
9,888308E+1	-3,205643E-1
9,887098E+1	-3,204756E-1
9,891244E+1	-3,203601E-1
9,895790E+1	-3,203183E-1
9,904854E+1	-3,202651E-1
9,908708E+1	-3,202399E-1
9,909786E+1	-3,201888E-1
9,908399E+1	-3,201185E-1
9,911526E+1	-3,200700E-1
9,916595E+1	-3,199662E-1
9,925174E+1	-3,199419E-1
9,929732E+1	-3,198668E-1
9,930709E+1	-3,198475E-1
9,929867E+1	-3,197405E-1
9,932619E+1	-3,197224E-1
9,939779E+1	-3,196969E-1
9,943786E+1	-3,196162E-1
9,951391E+1	-3,195510E-1
9,952515E+1	-3,194957E-1
9,952488E+1	-3,194200E-1
9,953779E+1	-3,192534E-1
9,960398E+1	-3,192661E-1
9,965085E+1	-3,192442E-1
9,972489E+1	-3,191676E-1
9,972846E+1	-3,190885E-1
9,973665E+1	-3,190618E-1
9,976073E+1	-3,190098E-1
9,980891E+1	-3,189543E-1
9,988027E+1	-3,189549E-1
9,993590E+1	-3,188534E-1
9,995403E+1	-3,187751E-1
9,994441E+1	-3,187249E-1
9,996620E+1	-3,186410E-1
1,000034E+2	-3,185245E-1
1,000910E+2	-3,185227E-1
1,001473E+2	-3,184467E-1
1,001774E+2	-3,184188E-1
1,001649E+2	-3,183772E-1
1,001776E+2	-3,183034E-1
1,002365E+2	-3,182888E-1
1,002905E+2	-3,182507E-1
1,003639E+2	-3,181714E-1
1,003906E+2	-3,181569E-1
1,003760E+2	-3,180361E-1
1,003946E+2	-3,179797E-1
1,004374E+2	-3,179289E-1
1,005004E+2	-3,178789E-1
1,005747E+2	-3,178351E-1
1,006117E+2	-3,177839E-1
1,005928E+2	-3,177134E-1
1,006150E+2	-3,175997E-1
1,006461E+2	-3,176101E-1
1,007307E+2	-3,175637E-1
1,007804E+2	-3,175588E-1
1,008284E+2	-3,174998E-1
1,007999E+2	-3,173504E-1
1,008208E+2	-3,172957E-1
1,008587E+2	-3,173035E-1
1,009483E+2	-3,172212E-1
1,009933E+2	-3,171735E-1
1,010311E+2	-3,170970E-1
1,010185E+2	-3,170352E-1
1,010343E+2	-3,170558E-1
1,010923E+2	-3,169426E-1
1,011451E+2	-3,168865E-1
1,012134E+2	-3,168598E-1
1,012526E+2	-3,168001E-1
1,012611E+2	-3,167014E-1
1,012553E+2	-3,166729E-1
1,012986E+2	-3,166051E-1
1,013509E+2	-3,165154E-1
1,014299E+2	-3,164647E-1
1,014722E+2	-3,163819E-1
1,014776E+2	-3,164121E-1
1,014778E+2	-3,163923E-1
1,015123E+2	-3,163084E-1
1,015817E+2	-3,162735E-1
1,016355E+2	-3,161646E-1
1,016887E+2	-3,161101E-1
1,016867E+2	-3,160912E-1
1,016830E+2	-3,159915E-1
1,017213E+2	-3,159592E-1
1,017931E+2	-3,159489E-1
1,018549E+2	-3,158212E-1
1,019082E+2	-3,157724E-1
1,019093E+2	-3,157402E-1
1,018982E+2	-3,156824E-1
1,019453E+2	-3,156472E-1
1,019978E+2	-3,156265E-1
1,020805E+2	-3,155404E-1
1,021250E+2	-3,155466E-1
1,021214E+2	-3,154411E-1
1,021154E+2	-3,153513E-1
1,021527E+2	-3,152697E-1
1,022001E+2	-3,151945E-1
1,022905E+2	-3,152402E-1
1,023369E+2	-3,151974E-1
1,023399E+2	-3,151541E-1
1,023398E+2	-3,150487E-1
1,023667E+2	-3,149618E-1
1,024392E+2	-3,149116E-1
1,024880E+2	-3,148428E-1
1,025439E+2	-3,149205E-1
1,025481E+2	-3,147900E-1
1,025512E+2	-3,147640E-1
1,025688E+2	-3,147052E-1
1,026484E+2	-3,146368E-1
1,026966E+2	-3,145694E-1
1,027642E+2	-3,145543E-1
1,027628E+2	-3,145382E-1
1,027679E+2	-3,144440E-1
1,028008E+2	-3,143181E-1
1,028536E+2	-3,142797E-1
1,029204E+2	-3,142225E-1
1,029776E+2	-3,142144E-1
1,029857E+2	-3,141681E-1
1,029796E+2	-3,141164E-1
1,030090E+2	-3,140852E-1
1,030526E+2	-3,140106E-1
1,031414E+2	-3,140026E-1
1,031925E+2	-3,138804E-1
1,031995E+2	-3,138645E-1
1,032238E+2	-3,138496E-1
1,032888E+2	-3,137437E-1
1,033534E+2	-3,136775E-1
1,034057E+2	-3,136867E-1
1,034278E+2	-3,135254E-1
1,034301E+2	-3,134086E-1
1,034342E+2	-3,133125E-1
1,035115E+2	-3,132748E-1
1,035569E+2	-3,131438E-1
1,036330E+2	-3,131065E-1
1,036500E+2	-3,130870E-1
1,036531E+2	-3,129894E-1
1,036740E+2	-3,130309E-1
1,037220E+2	-3,130086E-1
1,037791E+2	-3,129358E-1
1,038426E+2	-3,128624E-1
1,038608E+2	-3,128321E-1
1,038625E+2	-3,127517E-1
1,038867E+2	-3,126870E-1
1,039320E+2	-3,126272E-1
1,040069E+2	-3,125970E-1
1,040631E+2	-3,125652E-1
1,041080E+2	-3,126052E-1
1,040894E+2	-3,124907E-1
1,040991E+2	-3,124453E-1
1,041539E+2	-3,123860E-1
1,042116E+2	-3,123312E-1
1,042787E+2	-3,122685E-1
1,043141E+2	-3,122739E-1
1,042992E+2	-3,122394E-1
1,043109E+2	-3,121970E-1
1,043717E+2	-3,120688E-1
1,044259E+2	-3,119440E-1
1,045018E+2	-3,119529E-1
1,045350E+2	-3,119404E-1
1,045243E+2	-3,118892E-1
1,045425E+2	-3,118016E-1
1,045742E+2	-3,118033E-1
1,046491E+2	-3,117723E-1
1,047072E+2	-3,116957E-1
1,047581E+2	-3,116619E-1
1,047384E+2	-3,116375E-1
1,047518E+2	-3,116199E-1
1,047898E+2	-3,115886E-1
1,048756E+2	-3,115328E-1
1,049248E+2	-3,115116E-1
1,049745E+2	-3,114557E-1
1,049546E+2	-3,113543E-1
1,049687E+2	-3,112802E-1
1,050293E+2	-3,112102E-1
1,050830E+2	-3,112409E-1
1,051413E+2	-3,111773E-1
1,051920E+2	-3,111857E-1
1,051839E+2	-3,111355E-1
1,051878E+2	-3,110655E-1
1,052471E+2	-3,110085E-1
1,052916E+2	-3,109027E-1
1,053725E+2	-3,108431E-1
1,054193E+2	-3,108582E-1
1,054311E+2	-3,107907E-1
1,054264E+2	-3,107704E-1
1,054509E+2	-3,106819E-1
1,055174E+2	-3,105400E-1
1,055879E+2	-3,106149E-1
1,056388E+2	-3,106371E-1
1,056373E+2	-3,105995E-1
1,056326E+2	-3,104927E-1
1,056687E+2	-3,104831E-1
1,057446E+2	-3,104696E-1
1,058017E+2	-3,103475E-1
1,058476E+2	-3,102387E-1
1,058595E+2	-3,102394E-1
1,058465E+2	-3,101896E-1
1,058880E+2	-3,102157E-1
1,059432E+2	-3,100913E-1
1,060107E+2	-3,100937E-1
1,060665E+2	-3,100510E-1
1,060753E+2	-3,099410E-1
1,060551E+2	-3,099278E-1
1,061081E+2	-3,098984E-1
1,061599E+2	-3,098310E-1
1,062393E+2	-3,098141E-1
1,062868E+2	-3,097690E-1
1,062962E+2	-3,096773E-1
1,062911E+2	-3,096661E-1
1,063192E+2	-3,096315E-1
1,063849E+2	-3,096328E-1
1,064507E+2	-3,095652E-1
1,065007E+2	-3,095126E-1
1,065085E+2	-3,094561E-1
1,065117E+2	-3,094027E-1
1,065337E+2	-3,094208E-1
1,066066E+2	-3,093071E-1
1,066489E+2	-3,093014E-1
1,067283E+2	-3,092390E-1
1,067295E+2	-3,091979E-1
1,067329E+2	-3,091591E-1
1,067580E+2	-3,091218E-1
1,068151E+2	-3,091070E-1
1,068636E+2	-3,090208E-1
1,069312E+2	-3,090010E-1
1,069383E+2	-3,089293E-1
1,069402E+2	-3,088903E-1
1,069757E+2	-3,088857E-1
1,070212E+2	-3,088536E-1
1,070999E+2	-3,087851E-1
1,071516E+2	-3,087071E-1
1,071907E+2	-3,086840E-1
1,071694E+2	-3,086213E-1
1,071885E+2	-3,086066E-1
1,072437E+2	-3,085181E-1
1,073050E+2	-3,084163E-1
1,073699E+2	-3,084121E-1
1,073977E+2	-3,083690E-1
1,073816E+2	-3,083136E-1
1,074057E+2	-3,082579E-1
1,074657E+2	-3,082174E-1
1,075092E+2	-3,082707E-1
1,076001E+2	-3,082334E-1
1,076167E+2	-3,080841E-1
1,076045E+2	-3,080880E-1
1,076294E+2	-3,080520E-1
1,076726E+2	-3,080110E-1
1,077362E+2	-3,079188E-1
1,077986E+2	-3,078809E-1
1,078389E+2	-3,078474E-1
1,078182E+2	-3,078379E-1
1,078493E+2	-3,078120E-1
1,078841E+2	-3,078124E-1
1,079725E+2	-3,077315E-1
1,080204E+2	-3,075999E-1
1,080688E+2	-3,074446E-1
1,080456E+2	-3,073219E-1
1,080700E+2	-3,073030E-1
1,081207E+2	-3,072644E-1
1,081827E+2	-3,072032E-1
1,082363E+2	-3,072191E-1
1,082747E+2	-3,071621E-1
1,082572E+2	-3,070885E-1
1,082815E+2	-3,070905E-1
1,083411E+2	-3,070732E-1
1,083823E+2	-3,069926E-1
1,084652E+2	-3,069418E-1
1,084981E+2	-3,068424E-1
1,085078E+2	-3,068167E-1
1,085083E+2	-3,068034E-1
1,085499E+2	-3,067698E-1
1,086036E+2	-3,066751E-1
1,086773E+2	-3,066218E-1
1,087172E+2	-3,066205E-1
1,087200E+2	-3,065765E-1
1,087316E+2	-3,066014E-1
1,087687E+2	-3,065221E-1
1,088436E+2	-3,064767E-1
1,088990E+2	-3,064595E-1
1,089444E+2	-3,064147E-1
1,089435E+2	-3,063713E-1
1,089445E+2	-3,063453E-1
1,089883E+2	-3,062507E-1
1,090453E+2	-3,062384E-1
1,091139E+2	-3,062268E-1
1,091665E+2	-3,061780E-1
1,091634E+2	-3,061489E-1
1,091593E+2	-3,060609E-1
1,092079E+2	-3,060317E-1
1,092616E+2	-3,060299E-1
1,093431E+2	-3,059407E-1
1,093844E+2	-3,059195E-1
1,094053E+2	-3,058974E-1
1,093856E+2	-3,058936E-1
1,094193E+2	-3,058258E-1
1,094810E+2	-3,057722E-1
1,095537E+2	-3,057537E-1
1,096017E+2	-3,056618E-1
1,095983E+2	-3,056115E-1
1,096078E+2	-3,056000E-1
1,096369E+2	-3,055471E-1
1,097105E+2	-3,055273E-1
1,097581E+2	-3,055225E-1
1,098337E+2	-3,054570E-1
1,098203E+2	-3,054212E-1
1,098270E+2	-3,054036E-1
1,098624E+2	-3,053355E-1
1,099227E+2	-3,052981E-1
1,099764E+2	-3,052759E-1
1,100395E+2	-3,052332E-1
1,100374E+2	-3,052280E-1
1,100449E+2	-3,051785E-1
1,100843E+2	-3,051229E-1
1,101352E+2	-3,050708E-1
1,102075E+2	-3,050247E-1
1,102599E+2	-3,050089E-1
1,102870E+2	-3,049648E-1
1,102686E+2	-3,049737E-1
1,102934E+2	-3,048948E-1
1,103480E+2	-3,049034E-1
1,104214E+2	-3,048875E-1
1,104770E+2	-3,048354E-1
1,104972E+2	-3,047664E-1
1,104854E+2	-3,046582E-1
1,105119E+2	-3,046748E-1
1,105780E+2	-3,046899E-1
1,106354E+2	-3,046216E-1
1,107049E+2	-3,045416E-1
1,107178E+2	-3,044942E-1
1,107064E+2	-3,044692E-1
1,107381E+2	-3,044744E-1
1,107821E+2	-3,044440E-1
1,108478E+2	-3,044213E-1
1,109041E+2	-3,044013E-1
1,109296E+2	-3,043663E-1
1,109149E+2	-3,042678E-1
1,109591E+2	-3,041728E-1
1,110009E+2	-3,040814E-1
1,110838E+2	-3,039544E-1
1,111634E+2	-3,039434E-1
1,111450E+2	-3,039439E-1
1,111730E+2	-3,038712E-1
1,112167E+2	-3,038853E-1
1,112987E+2	-3,038367E-1
1,113485E+2	-3,037926E-1
1,113764E+2	-3,037521E-1
1,113644E+2	-3,037325E-1
1,113934E+2	-3,036865E-1
1,114528E+2	-3,036589E-1
1,114968E+2	-3,036028E-1
1,115783E+2	-3,035652E-1
1,116010E+2	-3,035580E-1
1,116076E+2	-3,035028E-1
1,116178E+2	-3,034379E-1
1,116619E+2	-3,033821E-1
1,117137E+2	-3,034219E-1
1,117883E+2	-3,033969E-1
1,118115E+2	-3,033206E-1
1,118192E+2	-3,032966E-1
1,118359E+2	-3,032963E-1
1,118779E+2	-3,032112E-1
1,119481E+2	-3,031782E-1
1,120047E+2	-3,031689E-1
1,120446E+2	-3,031505E-1
1,120410E+2	-3,031283E-1
1,120490E+2	-3,030155E-1
1,120918E+2	-3,030123E-1
1,121597E+2	-3,029508E-1
1,122205E+2	-3,029540E-1
1,122672E+2	-3,028967E-1
1,122589E+2	-3,028875E-1
1,122673E+2	-3,028168E-1
1,123154E+2	-3,027847E-1
1,123716E+2	-3,027567E-1
1,124538E+2	-3,027529E-1
1,124838E+2	-3,027084E-1
1,124973E+2	-3,026749E-1
1,124886E+2	-3,026741E-1
1,125242E+2	-3,026316E-1
1,125851E+2	-3,025658E-1
1,126595E+2	-3,025571E-1
1,127044E+2	-3,024818E-1
1,126958E+2	-3,024565E-1
1,127103E+2	-3,024430E-1
1,127402E+2	-3,024400E-1
1,128202E+2	-3,023753E-1
1,128681E+2	-3,023557E-1
1,129294E+2	-3,023140E-1
1,129122E+2	-3,022897E-1
1,129212E+2	-3,022400E-1
1,129628E+2	-3,022000E-1
1,130341E+2	-3,021601E-1
1,130852E+2	-3,021244E-1
1,131369E+2	-3,020711E-1
1,131303E+2	-3,020394E-1
1,131438E+2	-3,020558E-1
1,131889E+2	-3,020180E-1
1,132396E+2	-3,019674E-1
1,133144E+2	-3,019663E-1
1,133592E+2	-3,018924E-1
1,133753E+2	-3,018421E-1
1,133645E+2	-3,018069E-1
1,133953E+2	-3,018327E-1
1,134470E+2	-3,017960E-1
1,135232E+2	-3,017760E-1
1,135767E+2	-3,017643E-1
1,135897E+2	-3,016891E-1
1,135823E+2	-3,016155E-1
1,136133E+2	-3,016473E-1
1,136847E+2	-3,015799E-1
1,137237E+2	-3,016362E-1
1,137915E+2	-3,016166E-1
1,138027E+2	-3,015198E-1
1,137918E+2	-3,014836E-1
1,138330E+2	-3,014799E-1
1,138869E+2	-3,013798E-1
1,139505E+2	-3,013731E-1
1,140052E+2	-3,013243E-1
1,140234E+2	-3,013529E-1
1,140136E+2	-3,012899E-1
1,140534E+2	-3,012749E-1
1,140970E+2	-3,012111E-1
1,141807E+2	-3,011267E-1
1,142228E+2	-3,010850E-1
1,142428E+2	-3,010617E-1
1,142298E+2	-3,010678E-1
1,142628E+2	-3,010528E-1
1,143141E+2	-3,010850E-1
1,143897E+2	-3,010027E-1
1,144371E+2	-3,010224E-1
1,144555E+2	-3,010043E-1
1,144497E+2	-3,009714E-1
1,144787E+2	-3,009999E-1
1,145471E+2	-3,009535E-1
1,145886E+2	-3,008422E-1
1,146621E+2	-3,008183E-1
1,146793E+2	-3,008050E-1
1,146825E+2	-3,007124E-1
1,146998E+2	-3,006770E-1
1,147527E+2	-3,006696E-1
1,148037E+2	-3,006372E-1
1,148741E+2	-3,006065E-1
1,148909E+2	-3,005896E-1
1,149034E+2	-3,005238E-1
1,149259E+2	-3,004929E-1
1,149684E+2	-3,003828E-1
1,150400E+2	-3,003442E-1
1,150901E+2	-3,003563E-1
1,151131E+2	-3,002343E-1
1,151188E+2	-3,002445E-1
1,151373E+2	-3,002485E-1
1,151794E+2	-3,001849E-1
1,152573E+2	-3,001466E-1
1,153134E+2	-3,001060E-1
1,153518E+2	-3,001240E-1
1,153454E+2	-3,000719E-1
1,153576E+2	-3,000487E-1
1,154134E+2	-3,000263E-1
1,154667E+2	-2,999804E-1
1,155391E+2	-3,000118E-1
1,155683E+2	-2,999738E-1
1,155599E+2	-2,999434E-1
1,155775E+2	-2,999357E-1
1,156222E+2	-2,998585E-1
1,156815E+2	-2,998436E-1
1,157516E+2	-2,998201E-1
1,157905E+2	-2,997902E-1
1,157797E+2	-2,997731E-1
1,158022E+2	-2,996778E-1
1,158340E+2	-2,996695E-1
1,159117E+2	-2,997077E-1
1,159603E+2	-2,996272E-1
1,160114E+2	-2,995974E-1
1,159927E+2	-2,996087E-1
1,160112E+2	-2,995947E-1
1,160509E+2	-2,995464E-1
1,161269E+2	-2,995420E-1
1,162219E+2	-2,993731E-1
1,162254E+2	-2,994220E-1
1,162710E+2	-2,994290E-1
1,163297E+2	-2,993784E-1
1,163937E+2	-2,993097E-1
1,164438E+2	-2,992262E-1
1,164374E+2	-2,991388E-1
1,164412E+2	-2,992173E-1
1,164896E+2	-2,991465E-1
1,165402E+2	-2,990905E-1
1,166220E+2	-2,990737E-1
1,166585E+2	-2,991176E-1
1,166592E+2	-2,991092E-1
1,166646E+2	-2,991069E-1
1,166962E+2	-2,990469E-1
1,167579E+2	-2,990362E-1
1,168282E+2	-2,990263E-1
1,168833E+2	-2,989353E-1
1,169120E+2	-2,988911E-1
1,169847E+2	-2,988112E-1
1,170345E+2	-2,988000E-1
1,170899E+2	-2,987306E-1
1,170883E+2	-2,987122E-1
1,170964E+2	-2,987451E-1
1,171179E+2	-2,987519E-1
1,171973E+2	-2,987558E-1
1,172449E+2	-2,986975E-1
1,173042E+2	-2,986570E-1
1,173028E+2	-2,986118E-1
1,173157E+2	-2,986383E-1
1,173554E+2	-2,985786E-1
1,174075E+2	-2,985261E-1
1,174691E+2	-2,984547E-1
1,175243E+2	-2,984391E-1
1,175309E+2	-2,985169E-1
1,175291E+2	-2,984823E-1
1,175641E+2	-2,984445E-1
1,176093E+2	-2,984000E-1
1,176887E+2	-2,983748E-1
1,177387E+2	-2,983267E-1
1,177669E+2	-2,983260E-1
1,177552E+2	-2,983333E-1
1,177786E+2	-2,982872E-1
1,178406E+2	-2,982673E-1
1,179009E+2	-2,982286E-1
1,179543E+2	-2,981900E-1
1,179748E+2	-2,981221E-1
1,179805E+2	-2,980981E-1
1,179874E+2	-2,980876E-1
1,180555E+2	-2,981456E-1
1,181120E+2	-2,981000E-1
1,181709E+2	-2,981064E-1
1,181964E+2	-2,981199E-1
1,181844E+2	-2,980141E-1
1,182192E+2	-2,979614E-1
1,182606E+2	-2,979186E-1
1,183327E+2	-2,979121E-1
1,183809E+2	-2,978626E-1
1,184133E+2	-2,978391E-1
1,183917E+2	-2,978350E-1
1,184258E+2	-2,978105E-1
1,184717E+2	-2,978084E-1
1,185490E+2	-2,978300E-1
1,185944E+2	-2,977630E-1
1,186282E+2	-2,977331E-1
1,186155E+2	-2,977208E-1
1,186410E+2	-2,976959E-1
1,187002E+2	-2,976458E-1
1,187567E+2	-2,976573E-1
1,188090E+2	-2,976276E-1
1,188404E+2	-2,975929E-1
1,188480E+2	-2,975184E-1
1,188511E+2	-2,975513E-1
1,189127E+2	-2,975262E-1
1,189563E+2	-2,975376E-1
1,190277E+2	-2,975272E-1
1,190576E+2	-2,975222E-1
1,190648E+2	-2,974838E-1
1,190758E+2	-2,974764E-1
1,191151E+2	-2,974267E-1
1,191766E+2	-2,974101E-1
1,192336E+2	-2,973587E-1
1,192650E+2	-2,973350E-1
1,192653E+2	-2,973070E-1
1,192791E+2	-2,973003E-1
1,193254E+2	-2,972387E-1
1,193944E+2	-2,972668E-1
1,194470E+2	-2,972472E-1
1,194932E+2	-2,972052E-1
1,194871E+2	-2,972157E-1
1,194961E+2	-2,972055E-1
1,195466E+2	-2,972067E-1
1,196033E+2	-2,971772E-1
1,196670E+2	-2,971282E-1
1,197108E+2	-2,970669E-1
1,197034E+2	-2,970564E-1
1,197083E+2	-2,970322E-1
1,197584E+2	-2,970084E-1
1,198053E+2	-2,969856E-1
1,198845E+2	-2,969667E-1
1,199239E+2	-2,969400E-1
1,199206E+2	-2,968909E-1
1,199313E+2	-2,968740E-1
1,199652E+2	-2,969233E-1
1,200397E+2	-2,969268E-1
1,200871E+2	-2,968923E-1
1,201394E+2	-2,968278E-1
1,201344E+2	-2,967632E-1
1,201431E+2	-2,967127E-1
1,201734E+2	-2,967343E-1
1,202552E+2	-2,967007E-1
1,203007E+2	-2,966283E-1
1,203556E+2	-2,966442E-1
1,203470E+2	-2,966269E-1
1,203576E+2	-2,966553E-1
1,204032E+2	-2,966415E-1
1,204590E+2	-2,966525E-1
1,205149E+2	-2,966768E-1
1,205660E+2	-2,965971E-1
1,205646E+2	-2,965931E-1
1,205670E+2	-2,965076E-1
1,206139E+2	-2,964981E-1
1,206568E+2	-2,964890E-1
1,207323E+2	-2,964995E-1
1,207814E+2	-2,964560E-1
1,208036E+2	-2,964513E-1
1,207905E+2	-2,964191E-1
1,208219E+2	-2,963363E-1
1,208855E+2	-2,963912E-1
1,209425E+2	-2,963468E-1
1,209934E+2	-2,963145E-1
1,210058E+2	-2,963523E-1
1,209964E+2	-2,963226E-1
1,210295E+2	-2,962605E-1
1,210997E+2	-2,962200E-1
1,211542E+2	-2,961787E-1
1,212086E+2	-2,962610E-1
1,212246E+2	-2,962672E-1
1,212138E+2	-2,961789E-1
1,212549E+2	-2,962122E-1
1,213004E+2	-2,961986E-1
1,213666E+2	-2,961168E-1
1,214187E+2	-2,961159E-1
1,214388E+2	-2,960778E-1
1,214194E+2	-2,960400E-1
1,214640E+2	-2,960469E-1
1,215088E+2	-2,960015E-1
1,215852E+2	-2,960380E-1
1,216313E+2	-2,960381E-1
1,216696E+2	-2,960054E-1
1,216436E+2	-2,959482E-1
1,216732E+2	-2,959393E-1
1,217351E+2	-2,959245E-1
1,217934E+2	-2,958739E-1
1,218402E+2	-2,958711E-1
1,218607E+2	-2,958341E-1
1,218673E+2	-2,958427E-1
1,218793E+2	-2,957962E-1
1,219472E+2	-2,957451E-1
1,219898E+2	-2,957792E-1
1,220578E+2	-2,958058E-1
1,220770E+2	-2,957499E-1
1,220819E+2	-2,957107E-1
1,221031E+2	-2,957329E-1
1,221503E+2	-2,957612E-1
1,222045E+2	-2,957422E-1
1,222682E+2	-2,956534E-1
1,222838E+2	-2,956789E-1
1,222860E+2	-2,956179E-1
1,223119E+2	-2,956275E-1
1,223568E+2	-2,956228E-1
1,224242E+2	-2,956249E-1
1,224746E+2	-2,955916E-1
1,225195E+2	-2,955233E-1
1,225060E+2	-2,955068E-1
1,225185E+2	-2,955529E-1
1,225716E+2	-2,955330E-1
1,226259E+2	-2,954782E-1
1,226859E+2	-2,954403E-1
1,227234E+2	-2,954987E-1
1,227146E+2	-2,954282E-1
1,227282E+2	-2,953941E-1
1,227865E+2	-2,953422E-1
1,228273E+2	-2,953414E-1
1,229065E+2	-2,953478E-1
1,229355E+2	-2,954278E-1
1,229314E+2	-2,954006E-1
1,229519E+2	-2,952970E-1
1,229855E+2	-2,952514E-1
1,230527E+2	-2,952387E-1
1,231041E+2	-2,951933E-1
1,231530E+2	-2,952502E-1
1,231385E+2	-2,952829E-1
1,231569E+2	-2,952048E-1
1,231946E+2	-2,951315E-1
1,232709E+2	-2,951181E-1
1,233145E+2	-2,951298E-1
1,233649E+2	-2,951418E-1
1,233498E+2	-2,951462E-1
1,233668E+2	-2,951153E-1
1,234105E+2	-2,950978E-1
1,234734E+2	-2,950550E-1
1,235256E+2	-2,950302E-1
1,235676E+2	-2,950687E-1
1,235605E+2	-2,950152E-1
1,235727E+2	-2,950402E-1
1,236290E+2	-2,950347E-1
1,236697E+2	-2,950019E-1
1,237414E+2	-2,950234E-1
1,237820E+2	-2,949696E-1
1,237966E+2	-2,949180E-1
1,237970E+2	-2,948634E-1
1,238300E+2	-2,948586E-1
1,238850E+2	-2,947988E-1
1,239482E+2	-2,948455E-1
1,239928E+2	-2,948790E-1
1,239973E+2	-2,948172E-1
1,239994E+2	-2,947753E-1
1,240372E+2	-2,947673E-1
1,241032E+2	-2,947750E-1
1,241481E+2	-2,947540E-1
1,242158E+2	-2,947188E-1
1,242059E+2	-2,947031E-1
1,242136E+2	-2,947539E-1
1,242507E+2	-2,947611E-1
1,243104E+2	-2,947170E-1
1,243606E+2	-2,946734E-1
1,244169E+2	-2,946941E-1
1,244108E+2	-2,946436E-1
1,244260E+2	-2,946755E-1
1,244640E+2	-2,945764E-1
1,245133E+2	-2,945388E-1
1,245807E+2	-2,945609E-1
1,246249E+2	-2,945837E-1
1,246501E+2	-2,945738E-1
1,246350E+2	-2,945557E-1
1,246635E+2	-2,945254E-1
1,247160E+2	-2,945101E-1
1,247853E+2	-2,945126E-1
1,248341E+2	-2,944341E-1
1,248500E+2	-2,944424E-1
1,248455E+2	-2,944566E-1
1,248746E+2	-2,944325E-1
1,249369E+2	-2,944040E-1
1,249918E+2	-2,943988E-1
1,250520E+2	-2,944042E-1
1,250620E+2	-2,944238E-1
1,250683E+2	-2,943625E-1
1,250899E+2	-2,943621E-1
1,251416E+2	-2,943626E-1
1,251878E+2	-2,942629E-1
1,252517E+2	-2,942887E-1
1,252629E+2	-2,942769E-1
1,252726E+2	-2,942606E-1
1,252997E+2	-2,942911E-1
1,253494E+2	-2,942681E-1
1,254097E+2	-2,942564E-1
1,254590E+2	-2,942259E-1
1,254728E+2	-2,941825E-1
1,254750E+2	-2,941829E-1
1,255018E+2	-2,940962E-1
1,255411E+2	-2,940729E-1
1,256193E+2	-2,940913E-1
1,256677E+2	-2,941120E-1
1,256868E+2	-2,941123E-1
1,257630E+2	-2,941058E-1
1,258206E+2	-2,940723E-1
1,258758E+2	-2,940577E-1
1,259017E+2	-2,940027E-1
1,258933E+2	-2,940141E-1
1,259203E+2	-2,939380E-1
1,259732E+2	-2,940156E-1
1,260156E+2	-2,939572E-1
1,260908E+2	-2,939152E-1
1,261117E+2	-2,939732E-1
1,261207E+2	-2,939857E-1
1,261336E+2	-2,939385E-1
1,261763E+2	-2,938649E-1
1,262222E+2	-2,938515E-1
1,262913E+2	-2,938810E-1
1,263166E+2	-2,938476E-1
1,263236E+2	-2,938012E-1
1,263430E+2	-2,938413E-1
1,263846E+2	-2,938586E-1
1,264456E+2	-2,938181E-1
1,264980E+2	-2,937465E-1
1,265333E+2	-2,936971E-1
1,265339E+2	-2,937210E-1
1,265428E+2	-2,936786E-1
1,265866E+2	-2,937031E-1
1,266496E+2	-2,937078E-1
1,267023E+2	-2,937509E-1
1,267446E+2	-2,936948E-1
1,267414E+2	-2,937187E-1
1,267515E+2	-2,936489E-1
1,267986E+2	-2,936631E-1
1,268499E+2	-2,936409E-1
1,269246E+2	-2,936335E-1
1,269535E+2	-2,936253E-1
1,269680E+2	-2,935622E-1
1,269645E+2	-2,935955E-1
1,269983E+2	-2,935915E-1
1,270542E+2	-2,935889E-1
1,271211E+2	-2,935322E-1
1,271620E+2	-2,935351E-1
1,271571E+2	-2,935340E-1
1,271733E+2	-2,935449E-1
1,272031E+2	-2,935193E-1
1,272770E+2	-2,934408E-1
1,273196E+2	-2,934700E-1
1,273748E+2	-2,935137E-1
1,273645E+2	-2,934637E-1
1,273745E+2	-2,934419E-1
1,274153E+2	-2,934156E-1
1,274804E+2	-2,933665E-1
1,275260E+2	-2,933721E-1
1,275736E+2	-2,933720E-1
1,275722E+2	-2,933275E-1
1,275869E+2	-2,933319E-1
1,276270E+2	-2,933986E-1
1,276744E+2	-2,933286E-1
1,277423E+2	-2,933754E-1
1,277846E+2	-2,934427E-1
1,278018E+2	-2,933952E-1
1,277934E+2	-2,933107E-1
1,278243E+2	-2,932746E-1
1,278708E+2	-2,932459E-1
1,279418E+2	-2,932905E-1
1,279894E+2	-2,932810E-1
1,280034E+2	-2,932517E-1
1,279989E+2	-2,932191E-1
1,280292E+2	-2,932195E-1
1,280927E+2	-2,932148E-1
1,281453E+2	-2,932222E-1
1,281987E+2	-2,932217E-1
1,282095E+2	-2,932300E-1
1,282022E+2	-2,931894E-1
1,282409E+2	-2,931913E-1
1,282911E+2	-2,931579E-1
1,283487E+2	-2,931533E-1
1,283994E+2	-2,931100E-1
1,284146E+2	-2,931095E-1
1,284110E+2	-2,930953E-1
1,284521E+2	-2,930980E-1
1,284905E+2	-2,931062E-1
1,285659E+2	-2,930967E-1
1,286043E+2	-2,930399E-1
1,286216E+2	-2,930187E-1
1,286166E+2	-2,929808E-1
1,286467E+2	-2,929896E-1
1,286844E+2	-2,929954E-1
1,287634E+2	-2,930235E-1
1,288087E+2	-2,929735E-1
1,288248E+2	-2,929443E-1
1,288218E+2	-2,929385E-1
1,288516E+2	-2,929056E-1
1,289142E+2	-2,928688E-1
1,289535E+2	-2,928400E-1
1,290177E+2	-2,928736E-1
1,290356E+2	-2,928803E-1
1,290428E+2	-2,929387E-1
1,290635E+2	-2,929195E-1
1,291106E+2	-2,928836E-1
1,291572E+2	-2,928496E-1
1,292184E+2	-2,928097E-1
1,292322E+2	-2,928136E-1
1,292478E+2	-2,928558E-1
1,292689E+2	-2,928613E-1
1,293107E+2	-2,928222E-1
1,293754E+2	-2,927761E-1
1,294235E+2	-2,927650E-1
1,294498E+2	-2,927774E-1
1,294512E+2	-2,927570E-1
1,294649E+2	-2,927100E-1
1,295050E+2	-2,927908E-1
1,295740E+2	-2,927796E-1
1,296228E+2	-2,927679E-1
1,296580E+2	-2,927381E-1
1,296536E+2	-2,926880E-1
1,296687E+2	-2,927201E-1
1,297208E+2	-2,927737E-1
1,297693E+2	-2,927469E-1
1,298341E+2	-2,926692E-1
1,298626E+2	-2,926749E-1
1,298762E+2	-2,926728E-1
1,298754E+2	-2,926709E-1
1,299175E+2	-2,926526E-1
1,299740E+2	-2,925969E-1
1,300344E+2	-2,926143E-1
1,300697E+2	-2,926630E-1
1,300654E+2	-2,926504E-1
1,300852E+2	-2,925984E-1
1,301161E+2	-2,925745E-1
1,301873E+2	-2,925503E-1
1,302309E+2	-2,925610E-1
1,302783E+2	-2,926210E-1
1,302647E+2	-2,925480E-1
1,302820E+2	-2,925396E-1
1,303205E+2	-2,924451E-1
1,303914E+2	-2,925055E-1
1,304328E+2	-2,925364E-1
1,304738E+2	-2,925511E-1
1,304699E+2	-2,926077E-1
1,304840E+2	-2,925090E-1
1,305357E+2	-2,924817E-1
1,305852E+2	-2,924888E-1
1,306441E+2	-2,924876E-1
1,306799E+2	-2,924820E-1
1,306947E+2	-2,924534E-1
1,306926E+2	-2,923974E-1
1,307258E+2	-2,923699E-1
1,307740E+2	-2,923867E-1
1,308412E+2	-2,923721E-1
1,308828E+2	-2,923734E-1
1,308963E+2	-2,923957E-1
1,308981E+2	-2,923691E-1
1,309278E+2	-2,923262E-1
1,309916E+2	-2,923509E-1
1,310359E+2	-2,923263E-1
1,310859E+2	-2,923405E-1
1,310943E+2	-2,923487E-1
1,310919E+2	-2,923423E-1
1,311332E+2	-2,923236E-1
1,311903E+2	-2,923851E-1
1,312432E+2	-2,923361E-1
1,312906E+2	-2,922985E-1
1,313006E+2	-2,923219E-1
1,312965E+2	-2,922792E-1
1,313372E+2	-2,922727E-1
1,313861E+2	-2,922770E-1
1,314552E+2	-2,922514E-1
1,314921E+2	-2,922653E-1
1,315012E+2	-2,922437E-1
1,314999E+2	-2,922216E-1
1,315294E+2	-2,922202E-1
1,315823E+2	-2,922166E-1
1,316492E+2	-2,922029E-1
1,316905E+2	-2,921859E-1
1,317211E+2	-2,921838E-1
1,317067E+2	-2,921819E-1
1,317324E+2	-2,921395E-1
1,318495E+2	-2,921097E-1
1,318930E+2	-2,920894E-1
1,319052E+2	-2,921401E-1
1,319130E+2	-2,921261E-1
1,319368E+2	-2,920520E-1
1,319980E+2	-2,920528E-1
1,320364E+2	-2,921187E-1
1,321044E+2	-2,920678E-1
1,321090E+2	-2,920491E-1
1,321151E+2	-2,920308E-1
1,321406E+2	-2,919809E-1
1,321938E+2	-2,919656E-1
1,322380E+2	-2,920224E-1
1,322939E+2	-2,919825E-1
1,323040E+2	-2,919052E-1
1,323141E+2	-2,918959E-1
1,323421E+2	-2,919729E-1
1,323871E+2	-2,919900E-1
1,324530E+2	-2,920099E-1
1,324991E+2	-2,919551E-1
1,325362E+2	-2,919456E-1
1,325230E+2	-2,919389E-1
1,325427E+2	-2,919666E-1
1,325929E+2	-2,918792E-1
1,326451E+2	-2,918749E-1
1,326982E+2	-2,918537E-1
1,327274E+2	-2,918127E-1
1,327184E+2	-2,918375E-1
1,327418E+2	-2,919305E-1
1,327965E+2	-2,918901E-1
1,328443E+2	-2,918640E-1
1,329102E+2	-2,918296E-1
1,329294E+2	-2,918422E-1
1,329226E+2	-2,918234E-1
1,329473E+2	-2,918678E-1
1,329861E+2	-2,918105E-1
1,330417E+2	-2,917320E-1
1,330946E+2	-2,918071E-1
1,331332E+2	-2,917640E-1
1,331210E+2	-2,918353E-1
1,331460E+2	-2,917542E-1
1,331812E+2	-2,917207E-1
1,332543E+2	-2,916915E-1
1,332946E+2	-2,917027E-1
1,333340E+2	-2,917332E-1
1,333214E+2	-2,917016E-1
1,333429E+2	-2,917018E-1
1,333925E+2	-2,917156E-1
1,334441E+2	-2,916301E-1
1,334920E+2	-2,916106E-1
1,335283E+2	-2,916250E-1
1,335233E+2	-2,915924E-1
1,335401E+2	-2,916290E-1
1,335944E+2	-2,916411E-1
1,336319E+2	-2,916500E-1
1,336985E+2	-2,916702E-1
1,337281E+2	-2,916339E-1
1,337416E+2	-2,916238E-1
1,337459E+2	-2,916366E-1
1,337846E+2	-2,916569E-1
1,338330E+2	-2,916615E-1
1,338919E+2	-2,916317E-1
1,339283E+2	-2,916306E-1
1,339334E+2	-2,916487E-1
1,339462E+2	-2,915775E-1
1,339801E+2	-2,915826E-1
1,340418E+2	-2,916313E-1
1,340907E+2	-2,915341E-1
1,341326E+2	-2,915413E-1
1,341371E+2	-2,915369E-1
1,341386E+2	-2,915502E-1
1,341799E+2	-2,915510E-1
1,342302E+2	-2,915392E-1
1,342838E+2	-2,914687E-1
1,343325E+2	-2,914780E-1
1,343349E+2	-2,915115E-1
1,343334E+2	-2,914509E-1
1,343793E+2	-2,915187E-1
1,344255E+2	-2,915214E-1
1,344926E+2	-2,915361E-1
1,345280E+2	-2,914394E-1
1,345338E+2	-2,914853E-1
1,345376E+2	-2,915191E-1
1,345677E+2	-2,915185E-1
1,346230E+2	-2,914136E-1
1,346834E+2	-2,913709E-1
1,347238E+2	-2,913845E-1
1,347274E+2	-2,913819E-1
1,347390E+2	-2,914328E-1
1,347650E+2	-2,914194E-1
1,348292E+2	-2,913843E-1
1,348710E+2	-2,913559E-1
1,349356E+2	-2,913701E-1
1,349290E+2	-2,913684E-1
1,349373E+2	-2,914121E-1
1,349705E+2	-2,914180E-1
1,350212E+2	-2,913849E-1
1,350662E+2	-2,913547E-1
1,351222E+2	-2,913583E-1
1,351233E+2	-2,913397E-1
1,351345E+2	-2,913473E-1
1,351674E+2	-2,913239E-1
1,352121E+2	-2,911892E-1
1,352743E+2	-2,912131E-1
1,353170E+2	-2,912611E-1
1,353468E+2	-2,912291E-1
1,353336E+2	-2,912593E-1
1,353570E+2	-2,911891E-1
1,354072E+2	-2,912511E-1
1,354665E+2	-2,912148E-1
1,355135E+2	-2,911425E-1
1,355352E+2	-2,911416E-1
1,355278E+2	-2,911957E-1
1,355526E+2	-2,912128E-1
1,356106E+2	-2,911846E-1
1,356593E+2	-2,911146E-1
1,357222E+2	-2,911711E-1
1,357319E+2	-2,911637E-1
1,357252E+2	-2,911693E-1
1,357555E+2	-2,911265E-1
1,357985E+2	-2,911535E-1
1,358500E+2	-2,912185E-1
1,359031E+2	-2,911868E-1
1,359326E+2	-2,912011E-1
1,359223E+2	-2,912509E-1
1,359536E+2	-2,911141E-1
1,359916E+2	-2,911352E-1
1,360600E+2	-2,910890E-1
1,360989E+2	-2,911110E-1
1,361295E+2	-2,910835E-1
1,361163E+2	-2,910649E-1
1,361435E+2	-2,911028E-1
1,361845E+2	-2,911036E-1
1,362534E+2	-2,910247E-1
1,362942E+2	-2,910361E-1
1,363217E+2	-2,910530E-1
1,363154E+2	-2,910445E-1
1,363425E+2	-2,909992E-1
1,363941E+2	-2,910052E-1
1,364299E+2	-2,909972E-1
1,364999E+2	-2,909618E-1
1,365205E+2	-2,909274E-1
1,365295E+2	-2,909837E-1
1,365401E+2	-2,909504E-1
1,365807E+2	-2,909733E-1
1,366233E+2	-2,909452E-1
1,366850E+2	-2,909588E-1
1,367128E+2	-2,909293E-1
1,367208E+2	-2,909542E-1
1,367376E+2	-2,909428E-1
1,367738E+2	-2,909186E-1
1,368332E+2	-2,908947E-1
1,368764E+2	-2,908819E-1
1,369082E+2	-2,908948E-1
1,369104E+2	-2,909120E-1
1,369268E+2	-2,909219E-1
1,369638E+2	-2,908569E-1
1,370298E+2	-2,908559E-1
1,370715E+2	-2,908703E-1
1,371089E+2	-2,907883E-1
1,371048E+2	-2,908530E-1
1,371202E+2	-2,908374E-1
1,371703E+2	-2,908437E-1
1,372170E+2	-2,907909E-1
1,372722E+2	-2,907876E-1
1,373038E+2	-2,908603E-1
1,373183E+2	-2,908130E-1
1,373185E+2	-2,908570E-1
1,373538E+2	-2,908177E-1
1,373987E+2	-2,907666E-1
1,374636E+2	-2,907925E-1
1,375002E+2	-2,907775E-1
1,375135E+2	-2,907809E-1
1,375160E+2	-2,907454E-1
1,375468E+2	-2,907492E-1
1,376059E+2	-2,907768E-1
1,376497E+2	-2,906913E-1
1,376953E+2	-2,906915E-1
1,377014E+2	-2,907493E-1
1,377028E+2	-2,907444E-1
1,377421E+2	-2,907271E-1
1,377958E+2	-2,907036E-1
1,378449E+2	-2,906937E-1
1,378896E+2	-2,906652E-1
1,378994E+2	-2,906996E-1
1,378947E+2	-2,907326E-1
1,379333E+2	-2,906778E-1
1,379788E+2	-2,906316E-1
1,380450E+2	-2,906430E-1
1,380796E+2	-2,906165E-1
1,380885E+2	-2,906330E-1
1,380889E+2	-2,906364E-1
1,381196E+2	-2,906902E-1
1,381713E+2	-2,906811E-1
1,382342E+2	-2,906296E-1
1,382731E+2	-2,906312E-1
1,382841E+2	-2,905814E-1
1,382864E+2	-2,905314E-1
1,383136E+2	-2,905632E-1
1,383743E+2	-2,905991E-1
1,384147E+2	-2,905720E-1
1,384698E+2	-2,903753E-1
1,384802E+2	-2,902872E-1
1,384867E+2	-2,902350E-1
1,385120E+2	-2,902580E-1
1,385671E+2	-2,902260E-1
1,386044E+2	-2,902638E-1
1,386605E+2	-2,902322E-1
1,386692E+2	-2,902001E-1
1,386792E+2	-2,902591E-1
1,387067E+2	-2,902292E-1
1,387547E+2	-2,902656E-1
