7,903569E+1	-1,255008E+0
7,905354E+1	-1,255068E+0
7,902362E+1	-1,255073E+0
7,896176E+1	-1,255066E+0
7,895463E+1	-1,255056E+0
7,896395E+1	-1,255071E+0
7,902572E+1	-1,255013E+0
7,904696E+1	-1,254899E+0
7,900570E+1	-1,254781E+0
7,894925E+1	-1,254303E+0
7,892486E+1	-1,243063E+0
7,895399E+1	-1,236284E+0
7,898478E+1	-1,238546E+0
7,908501E+1	-1,239628E+0
7,911335E+1	-1,259217E+0
7,913390E+1	-1,264952E+0
7,921234E+1	-1,274308E+0
7,935072E+1	-1,269098E+0
7,947562E+1	-1,261355E+0
7,962552E+1	-1,258145E+0
7,968936E+1	-1,257445E+0
7,976627E+1	-1,257348E+0
7,986895E+1	-1,257329E+0
7,998253E+1	-1,256944E+0
8,011034E+1	-1,256544E+0
8,021554E+1	-1,256399E+0
8,024278E+1	-1,256249E+0
8,025750E+1	-1,256312E+0
8,030577E+1	-1,256424E+0
8,038472E+1	-1,256635E+0
8,052903E+1	-1,256264E+0
8,067646E+1	-1,255811E+0
8,088916E+1	-1,244562E+0
8,090250E+1	-1,251034E+0
8,094956E+1	-1,256446E+0
8,101284E+1	-1,253488E+0
8,110523E+1	-1,251716E+0
8,116764E+1	-1,251262E+0
8,120010E+1	-1,251121E+0
8,117195E+1	-1,251075E+0
8,118686E+1	-1,251033E+0
8,125837E+1	-1,251004E+0
8,130556E+1	-1,250967E+0
8,141108E+1	-1,250947E+0
8,142252E+1	-1,250932E+0
8,142108E+1	-1,250887E+0
8,141884E+1	-1,250881E+0
8,145532E+1	-1,250856E+0
8,151818E+1	-1,250803E+0
8,158768E+1	-1,250778E+0
8,162223E+1	-1,250731E+0
8,157751E+1	-1,250706E+0
8,160984E+1	-1,250669E+0
8,163915E+1	-1,250611E+0
8,172584E+1	-1,250518E+0
8,176533E+1	-1,250464E+0
8,180225E+1	-1,250410E+0
8,175709E+1	-1,250430E+0
8,177170E+1	-1,250384E+0
8,180302E+1	-1,250290E+0
8,188184E+1	-1,250208E+0
8,192552E+1	-1,250140E+0
8,196505E+1	-1,250080E+0
8,190723E+1	-1,250075E+0
8,191697E+1	-1,249995E+0
8,197069E+1	-1,249940E+0
8,200392E+1	-1,249806E+0
8,208020E+1	-1,249800E+0
8,209571E+1	-1,249710E+0
8,208427E+1	-1,249694E+0
8,206883E+1	-1,249562E+0
8,209572E+1	-1,249506E+0
8,213721E+1	-1,249432E+0
8,221234E+1	-1,249357E+0
8,223025E+1	-1,249237E+0
8,220946E+1	-1,249161E+0
8,220207E+1	-1,249114E+0
8,222472E+1	-1,248977E+0
8,228920E+1	-1,248995E+0
8,232476E+1	-1,248884E+0
8,237436E+1	-1,248791E+0
8,232581E+1	-1,248687E+0
8,231508E+1	-1,248615E+0
8,233777E+1	-1,248528E+0
8,240786E+1	-1,248479E+0
8,244334E+1	-1,248334E+0
8,248551E+1	-1,248305E+0
8,243801E+1	-1,248245E+0
8,242807E+1	-1,248179E+0
8,246061E+1	-1,248099E+0
8,249586E+1	-1,248021E+0
8,256888E+1	-1,247888E+0
8,259699E+1	-1,247798E+0
8,256705E+1	-1,247738E+0
8,253632E+1	-1,247667E+0
8,256253E+1	-1,247566E+0
8,259055E+1	-1,247559E+0
8,267915E+1	-1,247495E+0
8,270565E+1	-1,247333E+0
8,270125E+1	-1,247239E+0
8,265385E+1	-1,247120E+0
8,266538E+1	-1,247053E+0
8,271804E+1	-1,247032E+0
8,278438E+1	-1,246951E+0
8,282230E+1	-1,246804E+0
8,277833E+1	-1,246687E+0
8,275682E+1	-1,246587E+0
8,276252E+1	-1,246539E+0
8,283167E+1	-1,246501E+0
8,287491E+1	-1,246483E+0
8,291474E+1	-1,246401E+0
8,290703E+1	-1,246282E+0
8,285732E+1	-1,246230E+0
8,287877E+1	-1,246106E+0
8,291262E+1	-1,246002E+0
8,297265E+1	-1,245940E+0
8,300796E+1	-1,245916E+0
8,299748E+1	-1,245801E+0
8,294205E+1	-1,245640E+0
8,297726E+1	-1,245589E+0
8,300640E+1	-1,245463E+0
8,307992E+1	-1,245341E+0
8,310755E+1	-1,245233E+0
8,312302E+1	-1,245191E+0
8,305893E+1	-1,245157E+0
8,306418E+1	-1,245081E+0
8,309931E+1	-1,244972E+0
8,316940E+1	-1,244914E+0
8,319888E+1	-1,244875E+0
8,318413E+1	-1,244745E+0
8,315779E+1	-1,244671E+0
8,315245E+1	-1,244627E+0
8,321046E+1	-1,244520E+0
8,322985E+1	-1,244469E+0
8,329918E+1	-1,244431E+0
8,328058E+1	-1,244317E+0
8,325325E+1	-1,244205E+0
8,325589E+1	-1,244146E+0
8,328761E+1	-1,244048E+0
8,332147E+1	-1,244003E+0
8,337636E+1	-1,243927E+0
8,336550E+1	-1,243807E+0
8,333726E+1	-1,243701E+0
8,335015E+1	-1,243624E+0
8,336596E+1	-1,243557E+0
8,343918E+1	-1,243446E+0
8,346625E+1	-1,243369E+0
8,348104E+1	-1,243305E+0
8,342375E+1	-1,243264E+0
8,342541E+1	-1,243189E+0
8,344712E+1	-1,243161E+0
8,352300E+1	-1,243034E+0
8,355204E+1	-1,242964E+0
8,357636E+1	-1,242889E+0
8,351236E+1	-1,242779E+0
8,351631E+1	-1,242765E+0
8,356129E+1	-1,242628E+0
8,359000E+1	-1,242513E+0
8,365894E+1	-1,242395E+0
8,366786E+1	-1,242328E+0
8,361845E+1	-1,242345E+0
8,360921E+1	-1,242299E+0
8,362625E+1	-1,242199E+0
8,367392E+1	-1,242097E+0
8,373847E+1	-1,242082E+0
8,375547E+1	-1,242015E+0
8,370369E+1	-1,241915E+0
8,370628E+1	-1,241809E+0
8,371308E+1	-1,241799E+0
8,378242E+1	-1,241709E+0
8,381854E+1	-1,241593E+0
8,384767E+1	-1,241519E+0
8,379038E+1	-1,241437E+0
8,378530E+1	-1,241479E+0
8,380253E+1	-1,241431E+0
8,387596E+1	-1,241295E+0
8,390612E+1	-1,241262E+0
8,394352E+1	-1,241158E+0
8,388931E+1	-1,241081E+0
8,387683E+1	-1,241019E+0
8,390313E+1	-1,240926E+0
8,395279E+1	-1,240842E+0
8,401007E+1	-1,240774E+0
8,402636E+1	-1,240677E+0
8,400896E+1	-1,240625E+0
8,397432E+1	-1,240585E+0
8,398939E+1	-1,240503E+0
8,402395E+1	-1,240471E+0
8,409291E+1	-1,240358E+0
8,411535E+1	-1,240233E+0
8,410065E+1	-1,240120E+0
8,407241E+1	-1,240089E+0
8,408365E+1	-1,240092E+0
8,413689E+1	-1,240029E+0
8,417274E+1	-1,239911E+0
8,421551E+1	-1,239861E+0
8,418794E+1	-1,239750E+0
8,416157E+1	-1,239677E+0
8,415707E+1	-1,239634E+0
8,423406E+1	-1,239649E+0
8,426552E+1	-1,239581E+0
8,430933E+1	-1,239497E+0
8,427317E+1	-1,239396E+0
8,425264E+1	-1,239372E+0
8,427367E+1	-1,239288E+0
8,431949E+1	-1,239188E+0
8,436273E+1	-1,239114E+0
8,440220E+1	-1,239026E+0
8,436495E+1	-1,238912E+0
8,433455E+1	-1,238922E+0
8,437323E+1	-1,238831E+0
8,440283E+1	-1,238798E+0
8,447249E+1	-1,238751E+0
8,450133E+1	-1,238636E+0
8,451347E+1	-1,238505E+0
8,445459E+1	-1,238486E+0
8,446204E+1	-1,238410E+0
8,449724E+1	-1,238329E+0
8,456027E+1	-1,238213E+0
8,460258E+1	-1,238134E+0
8,459407E+1	-1,238119E+0
8,455050E+1	-1,238114E+0
8,455739E+1	-1,237989E+0
8,461069E+1	-1,237917E+0
8,463552E+1	-1,237977E+0
8,471176E+1	-1,237874E+0
8,469633E+1	-1,237738E+0
8,466911E+1	-1,237624E+0
8,466419E+1	-1,237540E+0
8,470563E+1	-1,237551E+0
8,480489E+1	-1,237342E+0
8,480182E+1	-1,237270E+0
8,475372E+1	-1,237212E+0
8,476976E+1	-1,237183E+0
8,479213E+1	-1,237126E+0
8,485751E+1	-1,237058E+0
8,489763E+1	-1,236968E+0
8,489968E+1	-1,236888E+0
8,484481E+1	-1,236774E+0
8,486626E+1	-1,236748E+0
8,489464E+1	-1,236642E+0
8,497171E+1	-1,236635E+0
8,500281E+1	-1,236545E+0
8,496018E+1	-1,236390E+0
8,496948E+1	-1,236375E+0
8,500543E+1	-1,236310E+0
8,507242E+1	-1,236212E+0
8,510813E+1	-1,236098E+0
8,512170E+1	-1,236046E+0
8,507642E+1	-1,235937E+0
8,507235E+1	-1,235935E+0
8,511952E+1	-1,235856E+0
8,514323E+1	-1,235742E+0
8,523136E+1	-1,235638E+0
8,523051E+1	-1,235532E+0
8,521098E+1	-1,235445E+0
8,519106E+1	-1,235391E+0
8,521048E+1	-1,235292E+0
8,526494E+1	-1,235257E+0
8,531876E+1	-1,235246E+0
8,534371E+1	-1,235188E+0
8,528833E+1	-1,235029E+0
8,530206E+1	-1,234944E+0
8,531706E+1	-1,234883E+0
8,539665E+1	-1,234810E+0
8,542775E+1	-1,234752E+0
8,545895E+1	-1,234667E+0
8,540681E+1	-1,234544E+0
8,540633E+1	-1,234499E+0
8,543063E+1	-1,234419E+0
8,549635E+1	-1,234330E+0
8,553928E+1	-1,234295E+0
8,557484E+1	-1,234176E+0
8,551323E+1	-1,234039E+0
8,551746E+1	-1,233921E+0
8,555173E+1	-1,233857E+0
8,559478E+1	-1,233836E+0
8,567349E+1	-1,233750E+0
8,568631E+1	-1,233647E+0
8,567643E+1	-1,233589E+0
8,563888E+1	-1,233566E+0
8,565602E+1	-1,233446E+0
8,569494E+1	-1,233337E+0
8,578209E+1	-1,233215E+0
8,580533E+1	-1,233184E+0
8,576062E+1	-1,233089E+0
8,576177E+1	-1,232944E+0
8,576969E+1	-1,232849E+0
8,586131E+1	-1,232778E+0
8,587957E+1	-1,232759E+0
8,592680E+1	-1,232678E+0
8,587959E+1	-1,232574E+0
8,586746E+1	-1,232462E+0
8,589491E+1	-1,232339E+0
8,596203E+1	-1,232274E+0
8,599819E+1	-1,232222E+0
8,604264E+1	-1,232162E+0
8,600034E+1	-1,232000E+0
8,599135E+1	-1,231884E+0
8,601950E+1	-1,231831E+0
8,607076E+1	-1,231732E+0
8,613442E+1	-1,231631E+0
8,616389E+1	-1,231524E+0
8,615462E+1	-1,231472E+0
8,612213E+1	-1,231400E+0
8,613583E+1	-1,231277E+0
8,616975E+1	-1,231092E+0
8,624956E+1	-1,230997E+0
8,629162E+1	-1,230927E+0
8,627478E+1	-1,230786E+0
8,624810E+1	-1,230719E+0
8,625938E+1	-1,230580E+0
8,632052E+1	-1,230479E+0
8,635126E+1	-1,230335E+0
8,642107E+1	-1,230251E+0
8,640569E+1	-1,230167E+0
8,638351E+1	-1,230004E+0
8,638259E+1	-1,229931E+0
8,644726E+1	-1,229874E+0
8,648024E+1	-1,229727E+0
8,654286E+1	-1,229564E+0
8,652478E+1	-1,229508E+0
8,650777E+1	-1,229357E+0
8,652920E+1	-1,229243E+0
8,656966E+1	-1,229162E+0
8,662241E+1	-1,229012E+0
8,666696E+1	-1,228949E+0
8,665075E+1	-1,228819E+0
8,663091E+1	-1,228681E+0
8,664711E+1	-1,228582E+0
8,668470E+1	-1,228530E+0
8,676047E+1	-1,228360E+0
8,680440E+1	-1,228201E+0
8,680932E+1	-1,228063E+0
8,677007E+1	-1,228018E+0
8,678134E+1	-1,227852E+0
8,683557E+1	-1,227698E+0
8,688881E+1	-1,227574E+0
8,693108E+1	-1,227457E+0
8,693387E+1	-1,227312E+0
8,691356E+1	-1,227205E+0
8,690134E+1	-1,227053E+0
8,697172E+1	-1,226917E+0
8,700107E+1	-1,226774E+0
8,707258E+1	-1,226678E+0
8,706998E+1	-1,226524E+0
8,705541E+1	-1,226377E+0
8,705866E+1	-1,226138E+0
8,709527E+1	-1,226097E+0
8,713794E+1	-1,225934E+0
8,719433E+1	-1,225822E+0
8,719971E+1	-1,225736E+0
8,718059E+1	-1,225562E+0
8,719326E+1	-1,225396E+0
8,722776E+1	-1,225204E+0
8,729438E+1	-1,225101E+0
8,734351E+1	-1,224942E+0
8,736984E+1	-1,224800E+0
8,732926E+1	-1,224670E+0
8,732849E+1	-1,224515E+0
8,737190E+1	-1,224270E+0
8,742105E+1	-1,224137E+0
8,748531E+1	-1,224010E+0
8,750172E+1	-1,223782E+0
8,746488E+1	-1,223645E+0
8,746553E+1	-1,223472E+0
8,751968E+1	-1,223369E+0
8,754918E+1	-1,223162E+0
8,763235E+1	-1,222961E+0
8,764323E+1	-1,222854E+0
8,763474E+1	-1,222644E+0
8,762237E+1	-1,222482E+0
8,765167E+1	-1,222314E+0
8,769263E+1	-1,222066E+0
8,776904E+1	-1,221862E+0
8,778370E+1	-1,221665E+0
8,776673E+1	-1,221506E+0
8,776982E+1	-1,221347E+0
8,779440E+1	-1,221195E+0
8,785958E+1	-1,221015E+0
8,790238E+1	-1,220783E+0
8,795484E+1	-1,220599E+0
8,790876E+1	-1,220402E+0
8,790692E+1	-1,220152E+0
8,793285E+1	-1,219939E+0
8,801180E+1	-1,219774E+0
8,805062E+1	-1,219539E+0
8,809971E+1	-1,219332E+0
8,805677E+1	-1,219104E+0
8,805329E+1	-1,218889E+0
8,814809E+1	-1,218434E+0
8,821170E+1	-1,218193E+0
8,824900E+1	-1,217954E+0
8,821972E+1	-1,217782E+0
8,819713E+1	-1,217577E+0
8,823244E+1	-1,217312E+0
8,827027E+1	-1,217057E+0
8,836554E+1	-1,216760E+0
8,839939E+1	-1,216581E+0
8,840186E+1	-1,216330E+0
8,836767E+1	-1,216078E+0
8,838352E+1	-1,215853E+0
8,844219E+1	-1,215544E+0
8,850879E+1	-1,215267E+0
8,855027E+1	-1,215019E+0
8,853764E+1	-1,214774E+0
8,852273E+1	-1,214514E+0
8,853895E+1	-1,214200E+0
8,861022E+1	-1,213940E+0
8,864988E+1	-1,213704E+0
8,871967E+1	-1,213434E+0
8,868293E+1	-1,213098E+0
8,867441E+1	-1,212816E+0
8,870018E+1	-1,212558E+0
8,875627E+1	-1,212279E+0
8,879967E+1	-1,211928E+0
8,885757E+1	-1,211621E+0
8,883504E+1	-1,211277E+0
8,882724E+1	-1,210958E+0
8,886123E+1	-1,210652E+0
8,889477E+1	-1,210368E+0
8,898256E+1	-1,210024E+0
8,901422E+1	-1,209655E+0
8,901204E+1	-1,209306E+0
8,898239E+1	-1,208995E+0
8,900553E+1	-1,208682E+0
8,903945E+1	-1,208315E+0
8,913738E+1	-1,207914E+0
8,917413E+1	-1,207564E+0
8,918992E+1	-1,207197E+0
8,915720E+1	-1,206835E+0
8,916580E+1	-1,206457E+0
8,922401E+1	-1,206062E+0
8,928423E+1	-1,205661E+0
8,932995E+1	-1,205283E+0
8,933424E+1	-1,204863E+0
8,932116E+1	-1,204459E+0
8,932127E+1	-1,204092E+0
8,938172E+1	-1,203712E+0
8,942187E+1	-1,203268E+0
8,951499E+1	-1,202784E+0
8,951216E+1	-1,202333E+0
8,949620E+1	-1,201863E+0
8,949457E+1	-1,201410E+0
8,953875E+1	-1,200966E+0
8,959460E+1	-1,200472E+0
8,966712E+1	-1,200020E+0
8,967727E+1	-1,199575E+0
8,966318E+1	-1,199013E+0
8,966770E+1	-1,198586E+0
8,969530E+1	-1,198111E+0
8,975651E+1	-1,197603E+0
8,982340E+1	-1,197008E+0
8,984188E+1	-1,196447E+0
8,982600E+1	-1,195892E+0
8,983538E+1	-1,195363E+0
8,987011E+1	-1,194790E+0
8,993901E+1	-1,194211E+0
8,998595E+1	-1,193656E+0
9,001908E+1	-1,193154E+0
8,999466E+1	-1,192459E+0
8,999562E+1	-1,191808E+0
9,003080E+1	-1,191196E+0
9,010578E+1	-1,190573E+0
9,015265E+1	-1,189924E+0
9,019082E+1	-1,189322E+0
9,016929E+1	-1,188615E+0
9,015919E+1	-1,187912E+0
9,019638E+1	-1,187216E+0
9,027228E+1	-1,186486E+0
9,031444E+1	-1,185828E+0
9,036155E+1	-1,185105E+0
9,032082E+1	-1,184372E+0
9,032716E+1	-1,183582E+0
9,036876E+1	-1,182814E+0
9,042622E+1	-1,181969E+0
9,048524E+1	-1,181207E+0
9,051966E+1	-1,180378E+0
9,049131E+1	-1,179549E+0
9,049530E+1	-1,178665E+0
9,053946E+1	-1,177838E+0
9,059267E+1	-1,176981E+0
9,067883E+1	-1,176085E+0
9,070263E+1	-1,175119E+0
9,069871E+1	-1,174168E+0
9,067497E+1	-1,173233E+0
9,070694E+1	-1,172246E+0
9,076129E+1	-1,171285E+0
9,084378E+1	-1,170182E+0
9,087878E+1	-1,169172E+0
9,087984E+1	-1,168136E+0
9,085607E+1	-1,166940E+0
9,088381E+1	-1,165837E+0
9,093524E+1	-1,164699E+0
9,101482E+1	-1,163571E+0
9,105577E+1	-1,162355E+0
9,104648E+1	-1,161125E+0
9,103069E+1	-1,159811E+0
9,105161E+1	-1,158504E+0
9,113013E+1	-1,157236E+0
9,117722E+1	-1,155857E+0
9,123125E+1	-1,154552E+0
9,122715E+1	-1,153050E+0
9,121366E+1	-1,151507E+0
9,123065E+1	-1,149986E+0
9,130345E+1	-1,148449E+0
9,134903E+1	-1,146915E+0
9,142110E+1	-1,145357E+0
9,140872E+1	-1,143595E+0
9,139272E+1	-1,141912E+0
9,139555E+1	-1,140139E+0
9,148442E+1	-1,138333E+0
9,153078E+1	-1,136425E+0
9,158677E+1	-1,134515E+0
9,158860E+1	-1,132590E+0
9,155840E+1	-1,130539E+0
9,159524E+1	-1,128546E+0
9,164832E+1	-1,126442E+0
9,171560E+1	-1,124268E+0
9,177080E+1	-1,122039E+0
9,175529E+1	-1,119722E+0
9,174589E+1	-1,117231E+0
9,178172E+1	-1,114706E+0
9,182301E+1	-1,112323E+0
9,189513E+1	-1,109664E+0
9,194853E+1	-1,107025E+0
9,195768E+1	-1,104314E+0
9,191486E+1	-1,101429E+0
9,196249E+1	-1,098543E+0
9,200525E+1	-1,095375E+0
9,208192E+1	-1,092300E+0
9,213694E+1	-1,089045E+0
9,214615E+1	-1,085604E+0
9,211549E+1	-1,082291E+0
9,213665E+1	-1,078787E+0
9,217293E+1	-1,075044E+0
9,226582E+1	-1,071355E+0
9,231842E+1	-1,067490E+0
9,233761E+1	-1,063286E+0
9,230599E+1	-1,058983E+0
9,232032E+1	-1,054693E+0
9,237430E+1	-1,050333E+0
9,243764E+1	-1,045571E+0
9,249994E+1	-1,040821E+0
9,251787E+1	-1,035769E+0
9,248653E+1	-1,030686E+0
9,250575E+1	-1,025451E+0
9,256312E+1	-1,019783E+0
9,261654E+1	-1,013892E+0
9,268980E+1	-1,008170E+0
9,270947E+1	-1,002109E+0
9,267989E+1	-9,954659E-1
9,269333E+1	-9,889907E-1
9,274394E+1	-9,822324E-1
9,280120E+1	-9,748664E-1
9,287678E+1	-9,676247E-1
9,289564E+1	-9,600485E-1
9,289037E+1	-9,520736E-1
9,289185E+1	-9,440006E-1
9,292639E+1	-9,353283E-1
9,300335E+1	-9,266301E-1
9,305621E+1	-9,173290E-1
9,308609E+1	-9,081191E-1
9,307094E+1	-8,984876E-1
9,307025E+1	-8,881963E-1
9,311139E+1	-8,779658E-1
9,319940E+1	-8,668369E-1
9,324375E+1	-8,557865E-1
9,328701E+1	-8,443669E-1
9,324385E+1	-8,321647E-1
9,326194E+1	-8,199372E-1
9,330987E+1	-8,068192E-1
9,336735E+1	-7,937126E-1
9,343585E+1	-7,801707E-1
9,347114E+1	-7,657696E-1
9,344638E+1	-7,514770E-1
9,344058E+1	-7,361485E-1
9,350014E+1	-7,210900E-1
9,354422E+1	-7,054601E-1
9,363346E+1	-6,888925E-1
9,366618E+1	-6,724907E-1
9,364877E+1	-6,552201E-1
9,365539E+1	-6,384628E-1
9,368021E+1	-6,214808E-1
9,375550E+1	-6,038309E-1
9,381191E+1	-5,869345E-1
9,386244E+1	-5,695400E-1
9,383504E+1	-5,529060E-1
9,383832E+1	-5,365961E-1
9,386912E+1	-5,200962E-1
9,395444E+1	-5,039875E-1
9,400301E+1	-4,889833E-1
9,405504E+1	-4,743578E-1
9,402954E+1	-4,596211E-1
9,403107E+1	-4,454121E-1
9,407951E+1	-4,324056E-1
9,413680E+1	-4,197763E-1
9,419207E+1	-4,072233E-1
9,424322E+1	-3,955755E-1
9,422672E+1	-3,840682E-1
9,421568E+1	-3,733554E-1
9,427065E+1	-3,631399E-1
9,444499E+1	-3,343504E-1
9,445486E+1	-3,253243E-1
9,442935E+1	-3,167612E-1
9,445495E+1	-3,087068E-1
9,451968E+1	-3,007690E-1
9,458930E+1	-2,933150E-1
9,463772E+1	-2,859243E-1
9,463719E+1	-2,791111E-1
9,461830E+1	-2,724158E-1
9,464188E+1	-2,657667E-1
9,472063E+1	-2,595872E-1
9,478060E+1	-2,534500E-1
9,483661E+1	-2,475814E-1
9,484552E+1	-2,419962E-1
9,482145E+1	-2,363689E-1
9,485827E+1	-2,311171E-1
9,491665E+1	-2,256875E-1
9,497842E+1	-2,206351E-1
9,503305E+1	-2,157288E-1
9,503795E+1	-2,107521E-1
9,500372E+1	-2,060530E-1
9,505597E+1	-2,013503E-1
9,510077E+1	-1,969196E-1
9,518561E+1	-1,924832E-1
9,522976E+1	-1,879896E-1
9,526527E+1	-1,837535E-1
9,522170E+1	-1,793963E-1
9,524899E+1	-1,752918E-1
9,531259E+1	-1,712286E-1
9,537660E+1	-1,670362E-1
9,542709E+1	-1,630929E-1
9,543567E+1	-1,590250E-1
9,543061E+1	-1,551930E-1
9,544196E+1	-1,514493E-1
9,551251E+1	-1,475835E-1
9,555414E+1	-1,437921E-1
9,563485E+1	-1,399455E-1
9,564088E+1	-1,362754E-1
9,563376E+1	-1,326596E-1
9,565275E+1	-1,289445E-1
9,570545E+1	-1,254109E-1
9,575517E+1	-1,217770E-1
9,582806E+1	-1,183446E-1
9,583667E+1	-1,149321E-1
9,582531E+1	-1,113972E-1
9,587088E+1	-1,081262E-1
9,591608E+1	-1,046765E-1
9,599685E+1	-1,014404E-1
9,603510E+1	-9,817946E-2
9,608472E+1	-9,494615E-2
9,604276E+1	-9,179011E-2
9,604948E+1	-8,878634E-2
9,610257E+1	-8,568294E-2
9,616062E+1	-8,268956E-2
9,623430E+1	-7,971088E-2
9,626480E+1	-7,671727E-2
9,624042E+1	-7,390112E-2
9,625476E+1	-7,098641E-2
9,631460E+1	-6,820372E-2
9,636657E+1	-6,556163E-2
9,644684E+1	-6,279243E-2
9,646665E+1	-6,012413E-2
9,644635E+1	-5,754360E-2
9,646929E+1	-5,496752E-2
9,650161E+1	-5,245477E-2
9,657006E+1	-5,013625E-2
9,663392E+1	-4,763039E-2
9,667864E+1	-4,530045E-2
9,664727E+1	-4,295092E-2
9,666706E+1	-4,066528E-2
9,670044E+1	-3,850262E-2
9,679186E+1	-3,632770E-2
9,687443E+1	-3,413340E-2
9,688308E+1	-3,216960E-2
9,685255E+1	-3,017341E-2
9,686911E+1	-2,817792E-2
9,690869E+1	-2,629117E-2
9,697744E+1	-2,423832E-2
9,704466E+1	-2,249645E-2
9,709286E+1	-2,066642E-2
9,707422E+1	-1,890772E-2
9,707692E+1	-1,730093E-2
9,712221E+1	-1,570043E-2
9,717832E+1	-1,419545E-2
9,726658E+1	-1,269293E-2
9,729754E+1	-1,121216E-2
9,730753E+1	-9,745117E-3
9,728074E+1	-8,568298E-3
9,731444E+1	-7,454077E-3
9,737618E+1	-6,266818E-3
9,745678E+1	-5,218086E-3
9,750086E+1	-4,407132E-3
9,748017E+1	-3,579847E-3
9,749347E+1	-2,821344E-3
9,751787E+1	-2,247253E-3
9,760132E+1	-1,790587E-3
9,765169E+1	-1,306531E-3
9,771777E+1	-8,166171E-4
9,769090E+1	-4,825373E-4
9,769397E+1	-2,418358E-4
9,773169E+1	9,241195E-6
9,780552E+1	1,297400E-4
9,785690E+1	3,179296E-4
9,791385E+1	4,236368E-4
9,789539E+1	5,183819E-4
9,790122E+1	6,592910E-4
9,794535E+1	7,191649E-4
9,799725E+1	7,663790E-4
9,807548E+1	8,692435E-4
9,812262E+1	9,266876E-4
9,813748E+1	9,216430E-4
9,811409E+1	1,037039E-3
9,814173E+1	1,041287E-3
9,819338E+1	1,035947E-3
9,827572E+1	1,052067E-3
9,833025E+1	1,154963E-3
9,833452E+1	1,186697E-3
9,832979E+1	1,229075E-3
9,834890E+1	1,274240E-3
9,842045E+1	1,358574E-3
9,848138E+1	1,362971E-3
9,854671E+1	1,399902E-3
9,854406E+1	1,473839E-3
9,854267E+1	1,527733E-3
9,856458E+1	1,529977E-3
9,862557E+1	1,558548E-3
9,867139E+1	1,583697E-3
9,874531E+1	1,598442E-3
9,874559E+1	1,682245E-3
9,874894E+1	1,698161E-3
9,877821E+1	1,823399E-3
9,882486E+1	1,905587E-3
9,889676E+1	1,881544E-3
9,895470E+1	1,920792E-3
9,896517E+1	1,953265E-3
9,895597E+1	1,976475E-3
9,898030E+1	2,049026E-3
9,901869E+1	2,035315E-3
9,911434E+1	2,120485E-3
9,916346E+1	2,188281E-3
9,918972E+1	2,197345E-3
9,917352E+1	2,327569E-3
9,919004E+1	2,276670E-3
9,925025E+1	2,264861E-3
9,931117E+1	2,372182E-3
9,937382E+1	2,453138E-3
9,939180E+1	2,516191E-3
9,939083E+1	2,567285E-3
9,946894E+1	2,576733E-3
9,950911E+1	2,594698E-3
9,958581E+1	2,669809E-3
9,960455E+1	2,737434E-3
9,960344E+1	2,773068E-3
9,962036E+1	2,837870E-3
9,966440E+1	2,844047E-3
9,972577E+1	2,930392E-3
9,979341E+1	2,948630E-3
9,981221E+1	2,973859E-3
9,979751E+1	3,043082E-3
9,982225E+1	3,081652E-3
9,987272E+1	3,108438E-3
9,996186E+1	3,195396E-3
1,000051E+2	3,234692E-3
1,000476E+2	3,234900E-3
1,000281E+2	3,255836E-3
1,000341E+2	3,270459E-3
1,000858E+2	3,291303E-3
1,001446E+2	3,399811E-3
1,002131E+2	3,542459E-3
1,002542E+2	3,500040E-3
1,002349E+2	3,515665E-3
1,002358E+2	3,578999E-3
1,002997E+2	3,605582E-3
1,003560E+2	3,683836E-3
1,004316E+2	3,729086E-3
1,004690E+2	3,765924E-3
1,004557E+2	3,758828E-3
1,004678E+2	3,859480E-3
1,004981E+2	3,889484E-3
1,005754E+2	3,917481E-3
1,006313E+2	3,968611E-3
1,006842E+2	4,044386E-3
1,006641E+2	4,113457E-3
1,006724E+2	4,110316E-3
1,007084E+2	4,203148E-3
1,007938E+2	4,204094E-3
1,008968E+2	4,280667E-3
1,008746E+2	4,272684E-3
1,008857E+2	4,388256E-3
1,009298E+2	4,415503E-3
1,009972E+2	4,427297E-3
1,010565E+2	4,500863E-3
1,011052E+2	4,532931E-3
1,010937E+2	4,650726E-3
1,010923E+2	4,678234E-3
1,011481E+2	4,730003E-3
1,011916E+2	4,766452E-3
1,012759E+2	4,794594E-3
1,013260E+2	4,853114E-3
1,013376E+2	4,888027E-3
1,013262E+2	4,956975E-3
1,013553E+2	4,964047E-3
1,014149E+2	5,005693E-3
1,014937E+2	5,082364E-3
1,015363E+2	5,098648E-3
1,015354E+2	5,159214E-3
1,015373E+2	5,205012E-3
1,015651E+2	5,179694E-3
1,016360E+2	5,252101E-3
1,016972E+2	5,369859E-3
1,017486E+2	5,415702E-3
1,017552E+2	5,382841E-3
1,017409E+2	5,523461E-3
1,017841E+2	5,526894E-3
1,018397E+2	5,551876E-3
1,019089E+2	5,607913E-3
1,019633E+2	5,582195E-3
1,019708E+2	5,716966E-3
1,019481E+2	5,759936E-3
1,020012E+2	5,758120E-3
1,020463E+2	5,842102E-3
1,021311E+2	5,861650E-3
1,021763E+2	5,868230E-3
1,021895E+2	5,948555E-3
1,021778E+2	5,976400E-3
1,022066E+2	6,007576E-3
1,022714E+2	6,147431E-3
1,023387E+2	6,217475E-3
1,023893E+2	6,237792E-3
1,023985E+2	6,296308E-3
1,024027E+2	6,223564E-3
1,024168E+2	6,282968E-3
1,024907E+2	6,389716E-3
1,025330E+2	6,451017E-3
1,026131E+2	6,538697E-3
1,026169E+2	6,503542E-3
1,026184E+2	6,545055E-3
1,026424E+2	6,606581E-3
1,026964E+2	6,572660E-3
1,027474E+2	6,619783E-3
1,028172E+2	6,708294E-3
1,028259E+2	6,767619E-3
1,028235E+2	6,832385E-3
1,028576E+2	6,880117E-3
1,029017E+2	6,939575E-3
1,029814E+2	6,958034E-3
1,030353E+2	7,061089E-3
1,030785E+2	7,072035E-3
1,030396E+2	7,194959E-3
1,030674E+2	7,236901E-3
1,031330E+2	7,215503E-3
1,031930E+2	7,317363E-3
1,032456E+2	7,303515E-3
1,032761E+2	7,380963E-3
1,032794E+2	7,381989E-3
1,032761E+2	7,434887E-3
1,033440E+2	7,528790E-3
1,033900E+2	7,547696E-3
1,034682E+2	7,620052E-3
1,034923E+2	7,678294E-3
1,034953E+2	7,562316E-3
1,035107E+2	7,644460E-3
1,035525E+2	7,804325E-3
1,036173E+2	7,893815E-3
1,036768E+2	7,919076E-3
1,037105E+2	7,943131E-3
1,037063E+2	8,019278E-3
1,037220E+2	8,024596E-3
1,037665E+2	8,100176E-3
1,038429E+2	8,110652E-3
1,038989E+2	8,144150E-3
1,039460E+2	8,197216E-3
1,039334E+2	8,263932E-3
1,039373E+2	8,369151E-3
1,039860E+2	8,374239E-3
1,040456E+2	8,403594E-3
1,041122E+2	8,404631E-3
1,041588E+2	8,519938E-3
1,041450E+2	8,598749E-3
1,041436E+2	8,652403E-3
1,042039E+2	8,602375E-3
1,042626E+2	8,698387E-3
1,043397E+2	8,773941E-3
1,043759E+2	8,833442E-3
1,043652E+2	8,840381E-3
1,043771E+2	8,908645E-3
1,044068E+2	8,961587E-3
1,044852E+2	8,940265E-3
1,045395E+2	9,025830E-3
1,045944E+2	9,080179E-3
1,045791E+2	9,143230E-3
1,045875E+2	9,231399E-3
1,046442E+2	9,261218E-3
1,047063E+2	9,248568E-3
1,047552E+2	9,358131E-3
1,048121E+2	9,372576E-3
1,047934E+2	9,436321E-3
1,048023E+2	9,534453E-3
1,048526E+2	9,556934E-3
1,049117E+2	9,608240E-3
1,049712E+2	9,717720E-3
1,050241E+2	9,705113E-3
1,050165E+2	9,797353E-3
1,050147E+2	9,854772E-3
1,050679E+2	9,902989E-3
1,051202E+2	9,938131E-3
1,052230E+2	9,916616E-3
1,052473E+2	1,009701E-2
1,052640E+2	1,008989E-2
1,052482E+2	1,020488E-2
1,052783E+2	1,027981E-2
1,053451E+2	1,022540E-2
1,054098E+2	1,020319E-2
1,054639E+2	1,036279E-2
1,054710E+2	1,045480E-2
1,054715E+2	1,042454E-2
1,055658E+2	1,059629E-2
1,056245E+2	1,063697E-2
1,056789E+2	1,063136E-2
1,056912E+2	1,070123E-2
1,056766E+2	1,068565E-2
1,057196E+2	1,073053E-2
1,057702E+2	1,075121E-2
1,058423E+2	1,087303E-2
1,058974E+2	1,094361E-2
1,059105E+2	1,094992E-2
1,058873E+2	1,095500E-2
1,059392E+2	1,101879E-2
1,059830E+2	1,107723E-2
1,060691E+2	1,119901E-2
1,061162E+2	1,123938E-2
1,061537E+2	1,128794E-2
1,061220E+2	1,131905E-2
1,061507E+2	1,143117E-2
1,062157E+2	1,143847E-2
1,062802E+2	1,147184E-2
1,063310E+2	1,152624E-2
1,063474E+2	1,158142E-2
1,063498E+2	1,165148E-2
1,063617E+2	1,171090E-2
1,064358E+2	1,173323E-2
1,065602E+2	1,180636E-2
1,065797E+2	1,189720E-2
1,065615E+2	1,189454E-2
1,065916E+2	1,197898E-2
1,066366E+2	1,205794E-2
1,066973E+2	1,213533E-2
1,067644E+2	1,217036E-2
1,067971E+2	1,225206E-2
1,067760E+2	1,230134E-2
1,068111E+2	1,231752E-2
1,068523E+2	1,234550E-2
1,069374E+2	1,239012E-2
1,069843E+2	1,242062E-2
1,070182E+2	1,247223E-2
1,069960E+2	1,253418E-2
1,070473E+2	1,254530E-2
1,070764E+2	1,264257E-2
1,071481E+2	1,273218E-2
1,071997E+2	1,273252E-2
1,072276E+2	1,277555E-2
1,072116E+2	1,287099E-2
1,072370E+2	1,293557E-2
1,072989E+2	1,296703E-2
1,073441E+2	1,300658E-2
1,074294E+2	1,306137E-2
1,074529E+2	1,311069E-2
1,074595E+2	1,314680E-2
1,074675E+2	1,326040E-2
1,075119E+2	1,325938E-2
1,075621E+2	1,329063E-2
1,076403E+2	1,339570E-2
1,076658E+2	1,345310E-2
1,076701E+2	1,344901E-2
1,076851E+2	1,351576E-2
1,077261E+2	1,360380E-2
1,077985E+2	1,362568E-2
1,078547E+2	1,367424E-2
1,078978E+2	1,376037E-2
1,078941E+2	1,376345E-2
1,078968E+2	1,385991E-2
1,079398E+2	1,390741E-2
1,080069E+2	1,393197E-2
1,080704E+2	1,395907E-2
1,081193E+2	1,404635E-2
1,081086E+2	1,407933E-2
1,081161E+2	1,410809E-2
1,081630E+2	1,423245E-2
1,082186E+2	1,428992E-2
1,083039E+2	1,424739E-2
1,083397E+2	1,428185E-2
1,083534E+2	1,434242E-2
1,083405E+2	1,445134E-2
1,083738E+2	1,451783E-2
1,084349E+2	1,456479E-2
1,085157E+2	1,461790E-2
1,085589E+2	1,468312E-2
1,085459E+2	1,470351E-2
1,085620E+2	1,476006E-2
1,085913E+2	1,478181E-2
1,086723E+2	1,485145E-2
1,087211E+2	1,494775E-2
1,087848E+2	1,498396E-2
1,087677E+2	1,502456E-2
1,087761E+2	1,505959E-2
1,088156E+2	1,517952E-2
1,088846E+2	1,523253E-2
1,089392E+2	1,530233E-2
1,089962E+2	1,531884E-2
1,089851E+2	1,533033E-2
1,089977E+2	1,538386E-2
1,090409E+2	1,547649E-2
1,090925E+2	1,554539E-2
1,091669E+2	1,560256E-2
1,092155E+2	1,568463E-2
1,092370E+2	1,571467E-2
1,092185E+2	1,573675E-2
1,092476E+2	1,575329E-2
1,093029E+2	1,581760E-2
1,093778E+2	1,584616E-2
1,094335E+2	1,590682E-2
1,094470E+2	1,598798E-2
1,094390E+2	1,605917E-2
1,094679E+2	1,607342E-2
1,095349E+2	1,608282E-2
1,095762E+2	1,619791E-2
1,096525E+2	1,630594E-2
1,096666E+2	1,628373E-2
1,096537E+2	1,633396E-2
1,096931E+2	1,640823E-2
1,097454E+2	1,643684E-2
1,098081E+2	1,654161E-2
1,098671E+2	1,657617E-2
1,098889E+2	1,662292E-2
1,098753E+2	1,669399E-2
1,099156E+2	1,678082E-2
1,099584E+2	1,683875E-2
1,100427E+2	1,685381E-2
1,100868E+2	1,683463E-2
1,101100E+2	1,692830E-2
1,100932E+2	1,707597E-2
1,101268E+2	1,709626E-2
1,101673E+2	1,707246E-2
1,102571E+2	1,717365E-2
1,103038E+2	1,718528E-2
1,103369E+2	1,722453E-2
1,103132E+2	1,731504E-2
1,103425E+2	1,735242E-2
1,104116E+2	1,745469E-2
1,104541E+2	1,747057E-2
1,105328E+2	1,755138E-2
1,105483E+2	1,761090E-2
1,105515E+2	1,762890E-2
1,105677E+2	1,771634E-2
1,106202E+2	1,777171E-2
1,106700E+2	1,780867E-2
1,107436E+2	1,783884E-2
1,107588E+2	1,792351E-2
1,107705E+2	1,798227E-2
1,107922E+2	1,803308E-2
1,108339E+2	1,810648E-2
1,109072E+2	1,820045E-2
1,109618E+2	1,822450E-2
1,109857E+2	1,830460E-2
1,109856E+2	1,833010E-2
1,110010E+2	1,836015E-2
1,110439E+2	1,843110E-2
1,111192E+2	1,850364E-2
1,111761E+2	1,860300E-2
1,112173E+2	1,864220E-2
1,112070E+2	1,864914E-2
1,112181E+2	1,872179E-2
1,112751E+2	1,876051E-2
1,113303E+2	1,885038E-2
1,114054E+2	1,887652E-2
1,114359E+2	1,887997E-2
1,114262E+2	1,898242E-2
1,114437E+2	1,899389E-2
1,114830E+2	1,908841E-2
1,115458E+2	1,918435E-2
1,116185E+2	1,923691E-2
1,116623E+2	1,931208E-2
1,116642E+2	1,936299E-2
1,116975E+2	1,944432E-2
1,117726E+2	1,950950E-2
1,118273E+2	1,956222E-2
1,118788E+2	1,959673E-2
1,118658E+2	1,968335E-2
1,118777E+2	1,970426E-2
1,119143E+2	1,977820E-2
1,119952E+2	1,985608E-2
1,120451E+2	1,988517E-2
1,120983E+2	1,993291E-2
1,120838E+2	1,996151E-2
1,120959E+2	2,002803E-2
1,121480E+2	2,009683E-2
1,122011E+2	2,017090E-2
1,122621E+2	2,022842E-2
1,123144E+2	2,021153E-2
1,123090E+2	2,020565E-2
1,123093E+2	2,025986E-2
1,123614E+2	2,037857E-2
1,124056E+2	2,044453E-2
1,124859E+2	2,055009E-2
1,125349E+2	2,057276E-2
1,125520E+2	2,068959E-2
1,125415E+2	2,068608E-2
1,125721E+2	2,072395E-2
1,126362E+2	2,077957E-2
1,127015E+2	2,078256E-2
1,127542E+2	2,087296E-2
1,127595E+2	2,095764E-2
1,127520E+2	2,105566E-2
1,127962E+2	2,109377E-2
1,128394E+2	2,115301E-2
1,128822E+2	2,121334E-2
1,129680E+2	2,124049E-2
1,130083E+2	2,134479E-2
1,130270E+2	2,132304E-2
1,130153E+2	2,141879E-2
1,130477E+2	2,147549E-2
1,130977E+2	2,150674E-2
1,131751E+2	2,155523E-2
1,132248E+2	2,165312E-2
1,132568E+2	2,171239E-2
1,132329E+2	2,177845E-2
1,132662E+2	2,182711E-2
1,133340E+2	2,188362E-2
1,133755E+2	2,194454E-2
1,134502E+2	2,198997E-2
1,134650E+2	2,202781E-2
1,134684E+2	2,205663E-2
1,134850E+2	2,208878E-2
1,135466E+2	2,219375E-2
1,135933E+2	2,224758E-2
1,136644E+2	2,231229E-2
1,136754E+2	2,233886E-2
1,136889E+2	2,238721E-2
1,137132E+2	2,240652E-2
1,137578E+2	2,256115E-2
1,138267E+2	2,262026E-2
1,138796E+2	2,264497E-2
1,139062E+2	2,265000E-2
1,139028E+2	2,270437E-2
1,139220E+2	2,280654E-2
1,139624E+2	2,286190E-2
1,140398E+2	2,288003E-2
1,140976E+2	2,297878E-2
1,141312E+2	2,301070E-2
1,141257E+2	2,310733E-2
1,141399E+2	2,313511E-2
1,141957E+2	2,315867E-2
1,142477E+2	2,318396E-2
1,143223E+2	2,331246E-2
1,143499E+2	2,338844E-2
1,143600E+2	2,341712E-2
1,143590E+2	2,347968E-2
1,144035E+2	2,354006E-2
1,144622E+2	2,360496E-2
1,145329E+2	2,366014E-2
1,145717E+2	2,373297E-2
1,145613E+2	2,376901E-2
1,145832E+2	2,378222E-2
1,146141E+2	2,384095E-2
1,146930E+2	2,390727E-2
1,147442E+2	2,393996E-2
1,147928E+2	2,400946E-2
1,147749E+2	2,411190E-2
1,147934E+2	2,420561E-2
1,148343E+2	2,424983E-2
1,149139E+2	2,434861E-2
1,149597E+2	2,436682E-2
1,150139E+2	2,443124E-2
1,149953E+2	2,443038E-2
1,150097E+2	2,448583E-2
1,150571E+2	2,455366E-2
1,151196E+2	2,458881E-2
1,151882E+2	2,462022E-2
1,152229E+2	2,471315E-2
1,152373E+2	2,476948E-2
1,152326E+2	2,481285E-2
1,152703E+2	2,488648E-2
1,153206E+2	2,491044E-2
1,153989E+2	2,500526E-2
1,154413E+2	2,509439E-2
1,154536E+2	2,508158E-2
1,154543E+2	2,516557E-2
1,154861E+2	2,523368E-2
1,155547E+2	2,529878E-2
1,156037E+2	2,537267E-2
1,156614E+2	2,537697E-2
1,156642E+2	2,545813E-2
1,156609E+2	2,546496E-2
1,157030E+2	2,553879E-2
1,157687E+2	2,560696E-2
1,158268E+2	2,566507E-2
1,158803E+2	2,577681E-2
1,158889E+2	2,583059E-2
1,158805E+2	2,585241E-2
1,159267E+2	2,592034E-2
1,159787E+2	2,598080E-2
1,160564E+2	2,602930E-2
1,160983E+2	2,604408E-2
1,161056E+2	2,609823E-2
1,161025E+2	2,615337E-2
1,161341E+2	2,624769E-2
1,161924E+2	2,631569E-2
1,162669E+2	2,629625E-2
1,163127E+2	2,641928E-2
1,163231E+2	2,648158E-2
1,163235E+2	2,647642E-2
1,163534E+2	2,655560E-2
1,164214E+2	2,659288E-2
1,164664E+2	2,666537E-2
1,165296E+2	2,674751E-2
1,165415E+2	2,678847E-2
1,165463E+2	2,686497E-2
1,165652E+2	2,695608E-2
1,166373E+2	2,695727E-2
1,166812E+2	2,702982E-2
1,167478E+2	2,711048E-2
1,167542E+2	2,714273E-2
1,167654E+2	2,724403E-2
1,167941E+2	2,730081E-2
1,168461E+2	2,736592E-2
1,169100E+2	2,738996E-2
1,169634E+2	2,743802E-2
1,169791E+2	2,751213E-2
1,169771E+2	2,752685E-2
1,170039E+2	2,761484E-2
1,170441E+2	2,764593E-2
1,171266E+2	2,769195E-2
1,171768E+2	2,780967E-2
1,172092E+2	2,786705E-2
1,171998E+2	2,790636E-2
1,172205E+2	2,796010E-2
1,172795E+2	2,800877E-2
1,173349E+2	2,810653E-2
1,173944E+2	2,810055E-2
1,174237E+2	2,818021E-2
1,174302E+2	2,826451E-2
1,174291E+2	2,826940E-2
1,174918E+2	2,830264E-2
1,175451E+2	2,835521E-2
1,176110E+2	2,841579E-2
1,176403E+2	2,850271E-2
1,176316E+2	2,853670E-2
1,176590E+2	2,856900E-2
1,176975E+2	2,865845E-2
1,177723E+2	2,876840E-2
1,178201E+2	2,875964E-2
1,178587E+2	2,877978E-2
1,178394E+2	2,885857E-2
1,178690E+2	2,896234E-2
1,179100E+2	2,905025E-2
1,179918E+2	2,904143E-2
1,180355E+2	2,900862E-2
1,180730E+2	2,909824E-2
1,180659E+2	2,922858E-2
1,180831E+2	2,927073E-2
1,181402E+2	2,929572E-2
1,181899E+2	2,937252E-2
1,182532E+2	2,944835E-2
1,182885E+2	2,951360E-2
1,182999E+2	2,950417E-2
1,182987E+2	2,956715E-2
1,183463E+2	2,963993E-2
1,183962E+2	2,973033E-2
1,184682E+2	2,977677E-2
1,185048E+2	2,988718E-2
1,185164E+2	2,987774E-2
1,185217E+2	2,994580E-2
1,185606E+2	3,000314E-2
1,186269E+2	3,014088E-2
1,186824E+2	3,013878E-2
1,187226E+2	3,015879E-2
1,187240E+2	3,017745E-2
1,187310E+2	3,024586E-2
1,187700E+2	3,038191E-2
1,188405E+2	3,038529E-2
1,188942E+2	3,044735E-2
1,189448E+2	3,050555E-2
1,189443E+2	3,056382E-2
1,189442E+2	3,065997E-2
1,189904E+2	3,073261E-2
1,190424E+2	3,081916E-2
1,191147E+2	3,080709E-2
1,191590E+2	3,084253E-2
1,191566E+2	3,093585E-2
1,191569E+2	3,092014E-2
1,192001E+2	3,097287E-2
1,192564E+2	3,104603E-2
1,193269E+2	3,113996E-2
1,193730E+2	3,124864E-2
1,193947E+2	3,130414E-2
1,193799E+2	3,134734E-2
1,194116E+2	3,139330E-2
1,194735E+2	3,144799E-2
1,195337E+2	3,150869E-2
1,195861E+2	3,157956E-2
1,195924E+2	3,166766E-2
1,195875E+2	3,172546E-2
1,196252E+2	3,176500E-2
1,196944E+2	3,179229E-2
1,197491E+2	3,184764E-2
1,198033E+2	3,192881E-2
1,198155E+2	3,196109E-2
1,198045E+2	3,208560E-2
1,198447E+2	3,208339E-2
1,198978E+2	3,207909E-2
1,199624E+2	3,215876E-2
1,200131E+2	3,227506E-2
1,200266E+2	3,232757E-2
1,200112E+2	3,238884E-2
1,200591E+2	3,243358E-2
1,201070E+2	3,245186E-2
1,201826E+2	3,251139E-2
1,202269E+2	3,257829E-2
1,202444E+2	3,265027E-2
1,202399E+2	3,266241E-2
1,202684E+2	3,274388E-2
1,203311E+2	3,284420E-2
1,203901E+2	3,285436E-2
1,204385E+2	3,292431E-2
1,204542E+2	3,299745E-2
1,204622E+2	3,306470E-2
1,204793E+2	3,316908E-2
1,205469E+2	3,320251E-2
1,206798E+2	3,333860E-2
1,206681E+2	3,339580E-2
1,206996E+2	3,346512E-2
1,207438E+2	3,346407E-2
1,208013E+2	3,359752E-2
1,208640E+2	3,359040E-2
1,208913E+2	3,370192E-2
1,208791E+2	3,380952E-2
1,209142E+2	3,381594E-2
1,209564E+2	3,388578E-2
1,210320E+2	3,390969E-2
1,210771E+2	3,398216E-2
1,211081E+2	3,404150E-2
1,210924E+2	3,411722E-2
1,211201E+2	3,416814E-2
1,211736E+2	3,422426E-2
1,212370E+2	3,424896E-2
1,212872E+2	3,428381E-2
1,213187E+2	3,435082E-2
1,213100E+2	3,444513E-2
1,213353E+2	3,452593E-2
1,213912E+2	3,459632E-2
1,214344E+2	3,459758E-2
1,215134E+2	3,465211E-2
1,215345E+2	3,471582E-2
1,215429E+2	3,476339E-2
1,215540E+2	3,483603E-2
1,215978E+2	3,491155E-2
1,216464E+2	3,495712E-2
1,217160E+2	3,501535E-2
1,217428E+2	3,511121E-2
1,217504E+2	3,518492E-2
1,217670E+2	3,523301E-2
1,218078E+2	3,525437E-2
1,218744E+2	3,533969E-2
1,219267E+2	3,536909E-2
1,219670E+2	3,538467E-2
1,219655E+2	3,541913E-2
1,219737E+2	3,552175E-2
1,220167E+2	3,557755E-2
1,220805E+2	3,563447E-2
1,221371E+2	3,575470E-2
1,221840E+2	3,582283E-2
1,221770E+2	3,586891E-2
1,221846E+2	3,590349E-2
1,222334E+2	3,594027E-2
1,222865E+2	3,596673E-2
1,223628E+2	3,607985E-2
1,223936E+2	3,611167E-2
1,224092E+2	3,617683E-2
1,224022E+2	3,621530E-2
1,224355E+2	3,629610E-2
1,224928E+2	3,639422E-2
1,225642E+2	3,644556E-2
1,226065E+2	3,644006E-2
1,225998E+2	3,658058E-2
1,226145E+2	3,661488E-2
1,226440E+2	3,668815E-2
1,227202E+2	3,671144E-2
1,227659E+2	3,673427E-2
1,228227E+2	3,679965E-2
1,228108E+2	3,688145E-2
1,228223E+2	3,693682E-2
1,228613E+2	3,701178E-2
1,229268E+2	3,706372E-2
1,229756E+2	3,707555E-2
1,230268E+2	3,714945E-2
1,230191E+2	3,717634E-2
1,230328E+2	3,733730E-2
1,230777E+2	3,740258E-2
1,231289E+2	3,740905E-2
1,231976E+2	3,741144E-2
1,232404E+2	3,753323E-2
1,232583E+2	3,766625E-2
1,232476E+2	3,766767E-2
1,232767E+2	3,772520E-2
1,233274E+2	3,776456E-2
1,233970E+2	3,776828E-2
1,234562E+2	3,784510E-2
1,234626E+2	3,797040E-2
1,234721E+2	3,798912E-2
1,234858E+2	3,805561E-2
1,235524E+2	3,807112E-2
1,235944E+2	3,810782E-2
1,236628E+2	3,821200E-2
1,236744E+2	3,828797E-2
1,236637E+2	3,831261E-2
1,237044E+2	3,835078E-2
1,237536E+2	3,846331E-2
1,238145E+2	3,857623E-2
1,238659E+2	3,858915E-2
1,238806E+2	3,863850E-2
1,238768E+2	3,871830E-2
1,239152E+2	3,872908E-2
1,239564E+2	3,884157E-2
1,240368E+2	3,886206E-2
1,240764E+2	3,891022E-2
1,240970E+2	3,899289E-2
1,240862E+2	3,907556E-2
1,241608E+2	3,921741E-2
1,242394E+2	3,922587E-2
1,242851E+2	3,924658E-2
1,243041E+2	3,933297E-2
1,243002E+2	3,938710E-2
1,243282E+2	3,947514E-2
1,243920E+2	3,953358E-2
1,244317E+2	3,960305E-2
1,244994E+2	3,962685E-2
1,245138E+2	3,970456E-2
1,245166E+2	3,977398E-2
1,245356E+2	3,976880E-2
1,245865E+2	3,982224E-2
1,246341E+2	3,990067E-2
1,246988E+2	4,002422E-2
1,247127E+2	4,006822E-2
1,247266E+2	4,010492E-2
1,247489E+2	4,016112E-2
1,247901E+2	4,019346E-2
