# Fenstergroesse: 0.2V
# Schritte: 0.1V
# Start: 0.0V
# 1. Photomultiplier

44727
119
145
179
207
267
179
210
241
254
270
314
294
268
236
233
238
196
205
193
190
174
141
120
85
101
105
108
121
113
267
738
1255
1276
762
267
73
48
46
55
49
58
50
66
57
48
33
52
40
47
42
52
48
37
46
39
50
41
41
53
50
50
44
66
48
37
36
32
23
19
18
12
17
14
9
14
37
79
145
232
267
204
173
73
34
11
8
5
5
5
3
5
4
3
3
2
2
3
1
0
0

