# Fenstergroesse: 0.2V
# Schritte: 0.1V
# Start: 0.0V
# 2. Photomultiplier

1279
135
158
191
226
271
297
229
228
233
255
271
329
313
277
249
235
253
228
193
206
212
170
151
129
111
107
102
81
109
95
89
232
583
1184
1455
1053
470
157
39
46
51
37
38
46
61
59
37
42
57
39
49
49
53
38
46
40
42
59
44
56
56
59
51
64
51
65
55
45
33
34
35
24
25
9
10
12
11
19
23
43
94
183
282
303
268
160
93
47
9
6
3
6
2
3
3
1
2
5
2
2
