# Temperatur: 34.9 Grad
# KTP Kristall eingebaut
# Gruener Filter
# LaserMate-Q auf 532nm
# Messbereich: 300uW

# Spalten: Strom mA, Leistung in uW
# keinen Daempfer

# +- 1
650		150		1
640		138		1
630		128		1
620		118		1
610		109		1
600		102		1
590		90		1
580		83		1
570		73		1
560		68		1
550		62		1
540		56		1
530		52		1
520		47		1
510		41		1
500		36		1
490		33		1
480		30		1
470		24		1
460		20		1
450		16		1
440		14		1
430		11		1
420		10		1
# ab hier Messbereich 10uW, +- 0.03 uW
420		10.0	0.03
410		8.56	0.03
400		6.54	0.03
390		5.18	0.03
380		3.75	0.03
370		2.67	0.03
360		2.22	0.03
350		1.80	0.03
340		1.20	0.03
330		0.82	0.03
# ab hier Messbereich 1uW, +- 0.02 uW
330		0.856	0.02
320		0.535	0.02
310		0.314	0.02
300		0.153	0.02
290		0.063	0.02
280		0.026	0.02
270		0.022	0.02
# ab hier Messbereich 100nW, +- 0.2 nW
270		0.0219	0.0002
260		0.0202	0.0002
250		0.020	0.0002
240		0.020	0.0002
230		0.020	0.0002
220		0.020	0.0002
210		0.020	0.0002
200		0.020	0.0002
190		0.020	0.0002
180		0.020	0.0002
170		0.020	0.0002
160		0.020	0.0002
150		0.020	0.0002
140		0.020	0.0002
130		0.020	0.0002
120		0.020	0.0002
110		0.020	0.0002
100		0.020	0.0002
90		0.020	0.0002
80		0.020	0.0002
60		0.020	0.0002
50		0.020	0.0002
40		0.020	0.0002

# Ab jetzt gleich, Restlicht!
