# Photodetektorspannung in Abhaengigkeit der Temperatur
# Strom: 400 mA
# Aufbau: Diode, Kollimator, Fokussierung, YAG-Stab, Photodetektor

# Fehler:
# Temperatur: 0.1/sqrt(12) Grad
# Spannung: 0.4/sqrt(12) V

# Spalten: T (Grad), Spannung V, Fehler V

22		28.4	0.4
22.5	36.4	2.0
23		15.6	1.5
23.5	22.8	2.0
24		30.0	2.0
24.5	38.0	1.0
25		26.0	1.0
25.2	9.6		0.4
25.4	6.0		0.4
25.6	7.2		0.8
26		8.0		0.8
26.5	11.6	0.4
27		19.6	1.0
27.5	12.4	1.0
28		9.2		0.4
28.5	6.8		0.4
28.8	6.0		0.4
29		5.2		0.4
29.2	6.0		1.0
29.5	6.8		1.0
30		10.8	0.4
30.5	10.8	0.4
31		10.0	0.4
31.5	8.4		0.4
32		8.0		0.4
32.2	5.6		0.8
32.3	5.6		0.4
32.4	6.4		0.4
32.5	6.8		0.4
33		8.8		0.4
33.5	10.4	0.4
34		10.4	0.4
34.2	8.8		0.8
34.4	6.8		0.8
34.6	3.2		0.4
34.7	2.4		0.4
34.8	2.8		0.4
34.9	2.8		0.4
35		3.2		0.4
35.2	3.6		0.4
35.5	4.8		0.4
36		6.8		0.8
36.5	8.0		0.8
37		3.2		0.4
37.1	2.0		0.4
37.2	1.6		0.4
37.3	1.6		0.4
37.4	1.2		0.4
37.5	1.6		0.4
37.6	1.2		0.4
37.7	2.0		0.4
37.8	2.0		0.4
37.9	2.4		0.4
38		2.0		0.4
38.2	2.8		0.4
38.5	3.6		0.4
39		13.2	2.0
39.5	7.6		0.4
39.8	5.6		0.4
40.0	4.0		0.4
40.2	2.4		0.4
40.5	1.6		0.4
40.7	1.6		0.4
41		17.2	2.0
41.5	29.2	1.0
42		22.0	1.0
